Squad,# Pl,90s,Tkl,TklW,Def 3rd,Mid 3rd,Att 3rd,Tkl,Att,Tkl%,Past,Press,Succ,%,Def 3rd,Mid 3rd,Att 3rd,Blocks,Sh,ShSv,Pass,Int,Tkl+Int,Clr,Err
Atalanta,31,26.0,460,278,175,210,75,173,392,44.1,219,3815,1225,32.1,1053,1781,981,413,78,3,335,406,866,397,3
Bologna,30,26.0,398,229,196,149,53,130,359,36.2,229,3718,1080,29.0,1328,1550,840,369,88,0,281,352,750,456,6
Cagliari,32,27.0,411,251,190,171,50,136,370,36.8,234,3852,1055,27.4,1368,1698,786,423,103,0,320,438,849,541,2
Empoli,27,27.0,468,294,220,175,73,151,380,39.7,229,4239,1163,27.4,1372,1815,1052,394,127,3,267,383,851,526,3
Fiorentina,28,26.0,379,222,174,149,56,155,354,43.8,199,3337,994,29.8,891,1526,920,319,67,1,252,334,713,289,8
Genoa,38,27.0,551,324,258,213,80,229,513,44.6,284,4354,1297,29.8,1508,1925,921,513,120,0,393,492,1043,547,4
Hellas Verona,28,27.0,438,284,218,164,56,139,363,38.3,224,3831,1231,32.1,1325,1668,838,439,78,3,361,402,840,630,5
Inter,26,27.0,434,287,187,170,77,145,356,40.7,211,3309,1036,31.3,969,1428,912,329,85,1,244,323,757,376,6
Juventus,29,27.0,436,279,215,164,57,129,333,38.7,204,3696,1201,32.5,1342,1544,810,417,111,1,306,391,827,499,6
Lazio,26,27.0,429,242,183,188,58,149,440,33.9,291,3664,965,26.3,1064,1662,938,388,111,2,277,359,788,418,0
Milan,28,27.0,509,325,234,196,79,162,400,40.5,238,4175,1288,30.9,1177,1903,1095,371,94,2,277,428,937,377,8
Napoli,26,27.0,404,275,187,158,59,172,416,41.3,244,3718,1151,31.0,1087,1585,1046,356,82,1,274,293,697,336,0
Roma,28,27.0,470,289,223,185,62,158,371,42.6,213,4135,1249,30.2,1362,1808,965,365,79,1,286,396,866,408,3
Salernitana,42,27.0,374,236,207,129,38,141,349,40.4,208,3342,876,26.2,1293,1353,696,397,120,1,277,395,769,534,3
Sampdoria,31,27.0,444,269,213,173,58,158,396,39.9,238,3701,1117,30.2,1292,1654,755,428,101,3,327,454,898,542,6
Sassuolo,27,27.0,367,219,189,129,49,151,359,42.1,208,3612,1036,28.7,1178,1612,822,417,100,6,317,355,722,469,16
Spezia,28,27.0,458,269,229,166,63,165,402,41.0,237,4161,1222,29.4,1474,1862,825,487,143,3,344,412,870,560,7
Torino,30,26.0,392,207,157,170,65,121,267,45.3,146,3691,1195,32.4,1064,1711,916,355,76,1,279,409,801,516,5
Udinese,26,26.0,448,296,220,173,55,167,431,38.7,264,3648,1117,30.6,1328,1609,711,401,85,2,316,370,818,436,8
Venezia,35,26.0,442,265,235,154,53,152,386,39.4,234,4109,1079,26.3,1601,1720,788,503,139,6,364,459,901,608,4
Atalanta,30,38.0,672,425,273,293,106,182,549,33.2,367,5673,1828,32.2,1497,2650,1526,539,93,3,446,501,1173,758,8
Benevento,29,38.0,595,363,344,186,65,218,613,35.6,395,5031,1446,28.7,1971,2122,938,551,137,1,414,414,1009,846,13
Bologna,37,38.0,572,328,305,195,72,171,519,32.9,348,5463,1549,28.4,1946,2243,1274,653,153,2,500,446,1018,862,16
Cagliari,32,38.0,629,370,322,239,68,200,571,35.0,371,5752,1552,27.0,2095,2516,1141,574,148,1,426,379,1008,918,9
Crotone,31,38.0,603,374,335,194,74,198,535,37.0,337,5250,1477,28.1,2035,2191,1024,580,145,1,435,357,960,866,16
Fiorentina,30,38.0,578,362,297,208,73,218,556,39.2,338,5179,1473,28.4,1814,2248,1117,510,139,1,371,368,946,773,6
Genoa,34,38.0,641,394,338,224,79,214,587,36.5,373,5893,1550,26.3,2162,2537,1194,592,137,1,455,476,1117,980,12
Hellas Verona,32,38.0,542,338,262,222,58,165,451,36.6,286,4976,1503,30.2,1580,2251,1145,594,169,1,425,463,1005,1015,16
Inter,25,38.0,541,326,249,205,87,178,492,36.2,314,5079,1434,28.2,1648,2069,1362,529,122,1,407,365,906,632,8
Juventus,30,38.0,626,395,285,251,90,193,557,34.6,364,5048,1517,30.1,1648,2183,1217,543,129,1,414,370,996,657,7
Lazio,30,38.0,656,395,318,257,81,231,696,33.2,465,5644,1750,31.0,1872,2501,1271,563,102,1,461,424,1080,755,7
Milan,29,38.0,679,406,345,258,76,257,614,41.9,357,5848,1718,29.4,1928,2655,1265,645,153,4,492,383,1062,816,11
Napoli,25,38.0,620,391,299,243,78,218,625,34.9,407,5074,1496,29.5,1608,2109,1357,527,115,1,412,407,1027,633,9
Parma,42,38.0,636,369,359,221,56,232,648,35.8,416,5566,1486,26.7,2162,2369,1035,596,127,1,469,430,1066,863,10
Roma,31,38.0,558,390,225,257,76,163,568,28.7,405,5570,1599,28.7,1614,2644,1312,499,98,3,401,457,1015,647,12
Sampdoria,27,38.0,637,398,306,262,69,186,597,31.2,411,6173,1763,28.6,1989,2707,1477,661,170,5,491,410,1047,859,10
Sassuolo,28,38.0,594,369,301,188,105,197,515,38.3,318,4943,1515,30.6,1571,2027,1345,575,158,2,417,372,966,762,8
Spezia,35,38.0,630,386,289,258,83,215,564,38.1,349,5325,1607,30.2,1594,2456,1275,530,106,2,424,436,1066,744,16
Torino,29,38.0,595,377,284,224,87,215,577,37.3,362,5179,1494,28.8,1789,2256,1134,554,134,5,420,493,1088,882,11
Udinese,33,38.0,593,384,325,214,54,208,583,35.7,375,5068,1447,28.6,2032,1989,1047,620,155,1,465,399,992,782,15
Atalanta,30,38.0,702,445,313,294,95,290,775,37.4,485,5978,1870,31.3,1674,2939,1365,607,125,3,482,252,954,847,9
Bologna,31,38.0,619,399,283,257,79,231,691,33.4,460,6612,1852,28.0,2121,2948,1543,654,143,6,511,257,876,952,15
Brescia,32,38.0,586,353,309,222,55,224,665,33.7,441,6516,1522,23.4,2419,2715,1382,701,196,3,505,245,831,963,14
Cagliari,33,38.0,638,409,331,236,71,219,672,32.6,453,5313,1481,27.9,2100,2194,1019,656,200,3,456,255,893,921,10
Fiorentina,33,38.0,635,401,349,211,75,184,651,28.3,467,5944,1627,27.4,1968,2584,1392,561,119,0,442,263,898,915,7
Genoa,34,38.0,616,391,315,224,77,184,606,30.4,422,6088,1650,27.1,2197,2628,1263,622,163,1,459,311,927,861,12
Hellas Verona,30,38.0,549,345,271,209,69,185,544,34.0,359,5569,1634,29.3,2001,2324,1244,597,190,3,407,279,828,1035,9
Inter,29,38.0,576,373,239,246,91,200,633,31.6,433,5524,1513,27.4,1697,2372,1455,600,141,2,459,260,836,741,6
Juventus,30,38.0,624,382,273,232,119,208,597,34.8,389,5218,1480,28.4,1400,2341,1477,608,143,4,465,269,893,709,15
Lazio,27,38.0,641,404,316,246,79,218,693,31.5,475,5603,1601,28.6,2018,2338,1247,582,160,2,422,244,885,765,8
Lecce,30,38.0,575,385,309,201,65,211,682,30.9,471,5378,1345,25.0,2150,2234,994,625,170,5,455,266,841,894,12
Milan,32,38.0,648,411,305,260,83,206,652,31.6,446,6213,1744,28.1,1927,2840,1446,574,121,3,453,324,972,696,12
Napoli,25,38.0,576,377,260,226,90,216,597,36.2,381,5574,1572,28.2,1549,2425,1600,536,104,5,432,192,768,566,9
Parma,25,38.0,644,405,350,230,64,244,741,32.9,497,6213,1645,26.5,2482,2604,1127,683,200,1,483,264,908,971,10
Roma,31,38.0,551,341,239,215,97,175,539,32.5,364,5080,1461,28.8,1592,2332,1156,531,117,2,414,235,786,771,19
Sampdoria,31,38.0,651,411,300,256,95,218,668,32.6,450,5978,1563,26.1,1910,2725,1343,622,130,2,492,288,939,902,11
Sassuolo,31,38.0,638,394,312,231,95,222,589,37.7,367,5467,1625,29.7,1882,2271,1314,619,151,2,468,248,886,678,12
SPAL,34,38.0,604,356,319,212,73,196,591,33.2,395,5605,1450,25.9,1970,2458,1177,579,182,4,397,250,854,893,13
Torino,27,38.0,661,401,335,248,78,215,611,35.2,396,5723,1536,26.8,2068,2422,1233,715,186,0,529,339,1000,1059,13
Udinese,25,38.0,655,395,363,222,70,242,666,36.3,424,6284,1674,26.6,2494,2594,1196,652,183,0,469,264,919,870,9
Atalanta,27,38.0,708,470,337,284,87,286,718,39.8,432,5905,1777,30.1,1747,2780,1378,575,104,2,471,405,1113,749,9
Bologna,29,38.0,692,420,379,235,78,241,675,35.7,434,6892,1768,25.7,2466,3025,1401,645,159,2,486,312,1004,843,16
Cagliari,30,38.0,651,421,293,250,108,222,624,35.6,402,5728,1482,25.9,1894,2399,1435,604,133,1,471,257,908,858,12
Chievo,36,38.0,687,460,354,257,76,249,711,35.0,462,7284,1728,23.7,2467,3369,1448,608,135,2,473,362,1049,955,12
Empoli,29,38.0,590,372,286,222,82,193,547,35.3,354,6206,1535,24.7,2292,2665,1249,555,148,4,407,270,860,758,5
Fiorentina,27,38.0,621,404,295,262,64,213,574,37.1,361,5521,1467,26.6,1800,2550,1171,594,136,3,458,326,947,901,8
Frosinone,33,38.0,596,385,336,197,63,206,603,34.2,397,6617,1627,24.6,2639,2747,1231,564,156,0,408,341,937,961,6
Genoa,31,38.0,740,470,374,277,89,285,686,41.5,401,6258,1638,26.2,2100,2787,1371,541,126,3,415,342,1082,965,7
Inter,23,38.0,640,401,284,254,102,232,664,34.9,432,5964,1644,27.6,1576,2635,1753,521,120,1,401,271,911,635,6
Juventus,31,38.0,583,383,270,227,86,213,577,36.9,364,5679,1494,26.3,1683,2559,1437,534,140,3,394,329,912,655,11
Lazio,30,38.0,671,434,308,273,90,238,693,34.3,455,5778,1619,28.0,1899,2642,1237,615,154,0,461,367,1038,734,10
Milan,23,38.0,684,453,359,238,87,252,708,35.6,456,6489,1714,26.4,2201,2873,1415,585,124,2,461,286,970,842,14
Napoli,26,38.0,657,446,280,266,111,253,690,36.7,437,6255,1634,26.1,1639,2807,1809,522,114,3,408,262,919,554,4
Parma,31,38.0,581,366,334,196,51,195,626,31.2,431,6728,1538,22.9,2930,2687,1111,686,189,4,497,314,895,1132,9
Roma,26,38.0,543,351,239,221,83,220,646,34.1,426,5885,1482,25.2,1857,2701,1327,571,168,0,403,325,868,839,10
Sampdoria,24,38.0,668,411,310,258,100,245,648,37.8,403,6143,1572,25.6,1706,2757,1680,620,128,0,492,224,892,770,11
Sassuolo,29,38.0,577,378,310,198,69,184,527,34.9,343,5512,1437,26.1,1939,2312,1261,522,121,6,401,299,876,808,12
SPAL,28,38.0,613,389,335,212,66,244,619,39.4,375,5607,1381,24.6,2135,2418,1054,607,157,2,450,319,932,859,10
Torino,25,38.0,683,469,308,283,92,206,589,35.0,383,5915,1733,29.3,1914,2744,1257,689,130,2,559,389,1072,850,6
Udinese,31,38.0,708,427,394,244,70,278,706,39.4,428,6337,1500,23.7,2438,2865,1034,689,172,3,517,343,1051,1038,7
Atalanta,25,38.0,762,469,354,325,83,217,702,30.9,485,6213,1985,31.9,1864,3021,1328,612,116,0,496,338,1100,883,4
Benevento,41,38.0,634,409,351,217,66,198,645,30.7,447,5613,1574,28.0,2231,2357,1025,568,150,2,418,300,934,751,13
Bologna,30,38.0,706,446,373,260,73,269,687,39.2,418,6239,1749,28.0,2441,2703,1095,660,132,2,528,248,954,933,5
Cagliari,29,38.0,729,442,377,265,87,197,616,32.0,419,5851,1743,29.8,2124,2523,1204,567,127,1,440,273,1002,981,7
Chievo,25,38.0,651,391,325,237,89,219,639,34.3,420,6246,1601,25.6,2281,2672,1293,682,175,2,507,303,954,1054,5
Crotone,29,38.0,691,409,338,269,84,189,683,27.7,494,6270,1613,25.7,2166,2881,1223,666,137,3,529,362,1053,1079,12
Fiorentina,27,38.0,782,496,365,299,118,234,697,33.6,463,6122,1846,30.2,1833,2801,1488,641,88,2,553,334,1116,864,8
Genoa,33,38.0,603,407,303,240,60,178,566,31.4,388,6025,1739,28.9,2119,2821,1085,561,126,4,435,306,909,882,12
Hellas Verona,32,38.0,711,446,377,255,79,224,671,33.4,447,5655,1513,26.8,2125,2465,1065,600,164,6,436,340,1051,1014,11
Inter,22,38.0,694,443,350,266,78,243,664,36.6,421,5815,1650,28.4,1775,2562,1478,532,123,1,409,262,956,749,6
Juventus,24,38.0,585,370,261,225,99,164,508,32.3,344,5155,1446,28.1,1631,2292,1232,492,84,1,408,283,868,606,7
Lazio,24,38.0,657,437,306,278,73,205,661,31.0,456,5547,1784,32.2,1804,2519,1224,590,114,3,476,316,973,603,7
Milan,23,38.0,530,347,238,208,84,170,535,31.8,365,5483,1482,27.0,1640,2514,1329,584,120,3,464,263,793,637,6
Napoli,23,38.0,656,426,231,323,102,200,646,31.0,446,6059,1820,30.0,1191,2780,2088,497,77,1,420,262,918,471,3
Roma,27,38.0,576,383,254,215,107,176,507,34.7,331,5051,1489,29.5,1389,2180,1482,539,119,4,420,287,863,626,13
Sampdoria,27,38.0,672,415,281,281,110,241,687,35.1,446,5783,1628,28.2,1595,2459,1729,645,126,3,519,264,936,752,10
Sassuolo,28,38.0,608,389,310,212,86,205,648,31.6,443,6254,1722,27.5,2054,2764,1436,620,112,0,508,313,921,921,12
SPAL,29,38.0,675,423,344,262,69,223,649,34.4,426,5340,1463,27.4,2143,2270,927,590,162,1,428,332,1007,903,8
Torino,27,38.0,616,366,304,238,74,173,508,34.1,335,5660,1615,28.5,1854,2525,1281,547,120,2,427,314,930,871,10
Udinese,27,38.0,654,407,348,238,68,209,622,33.6,413,6107,1674,27.4,2218,2746,1143,680,164,7,516,283,937,1001,7
