id,player_name,games,time,goals,xG,assists,xA,shots,key_passes,yellow_cards,red_cards,position,team_title,npg,npxG,xGChain,xGBuildup
7084,Dusan Vlahovic,25,2215,20,14.396763789467514,2,2.223673164844513,91,21,3,0,F,"Fiorentina,Juventus",15,9.828970718197525,14.342547534033656,3.7849581791087985
1209,Ciro Immobile,22,1921,19,15.264085110276937,2,1.5500819701701403,82,15,3,0,F,Lazio,15,10.696292344480753,14.368683636188507,3.4508952479809523
1102,Giovanni Simeone,25,1739,15,7.618665705434978,3,1.4916968755424023,47,15,5,0,F S,"Cagliari,Verona",15,7.618665705434978,10.47819310799241,2.057343428954482
702,Tammy Abraham,26,2238,12,15.638376876711845,3,3.906379222869873,76,28,7,0,F,Roma,10,14.115779295563698,16.234859958291054,2.5566176678985357
7006,Lautaro Martínez,24,1505,11,15.100717844441533,2,2.4913858491927385,67,20,4,0,F S,Inter,8,11.294223817065358,15.169510869309306,2.8887164257466793
1253,Edin Dzeko,25,1744,10,11.388599120080471,3,2.6200480330735445,65,27,2,0,F S,Inter,10,11.388599120080471,15.447415241971612,4.023184524849057
1592,João Pedro,26,2340,10,11.038763670250773,4,2.9887723475694656,65,21,7,0,F,Cagliari,7,7.993568463250995,12.161654375493526,3.5052852611988783
1612,Domenico Berardi,24,2116,10,7.944640416651964,12,7.412041904404759,81,59,6,0,F M,Sassuolo,7,5.660824421793222,17.518986888229847,7.8973803371191025
6208,Antonin Barak,23,1867,10,9.94859049655497,4,2.538923930376768,46,23,3,0,M,Verona,6,6.903395229950547,12.543197954073548,6.197863240726292
6253,Gianluca Scamacca,25,1364,10,7.074625564739108,0,1.0522370198741555,54,13,5,0,F S,Sassuolo,10,7.074625564739108,10.732300276868045,3.5821307664737105
865,Marko Arnautovic,24,1927,9,10.5846352186054,1,1.844951088540256,61,27,4,0,F S,Bologna,7,8.300738682970405,10.727299173362553,2.7576234843581915
1134,Mario Pasalic,25,1408,9,6.856781743466854,5,4.4439132157713175,32,26,2,0,M,Atalanta,9,6.856781743466854,13.37285453081131,3.3271554838865995
1148,Duván Zapata,17,1223,9,11.500767793506384,4,2.6834845952689648,50,23,2,0,F S,Atalanta,6,9.216911252588034,12.126816794276237,2.569528052583337
1170,Gianluca Caprari,24,1802,9,4.651494659483433,7,5.078760181553662,47,43,3,0,F S,Verona,8,3.8901958242058754,15.204727612435818,7.788571245968342
1580,Mattia Destro,18,1357,9,6.749328620731831,1,0.6139674987643957,36,8,3,0,F S,Genoa,9,6.749328620731831,7.237730905413628,0.31720447540283203
4895,Andrea Pinamonti,26,1971,9,9.05140931531787,1,2.13428077660501,71,19,2,0,F S,Empoli,6,6.767512913793325,9.44055176153779,2.114906521514058
687,Pedro,26,1827,8,3.1872277073562145,4,3.387114186771214,30,25,4,0,F S,Lazio,8,3.1872277073562145,11.799225982278585,5.8409687820822
1543,Sergej Milinkovic-Savic,26,2136,8,5.509437637403607,8,4.1586548537015915,52,34,3,1,M S,Lazio,8,5.509437637403607,12.149797992780805,7.4857737105339766
1741,Zlatan Ibrahimovic,15,897,8,7.20616440474987,2,1.67353231087327,47,21,1,0,F S,AC Milan,8,6.444865569472313,8.804593779146671,1.6256554536521435
7193,Rafael Leão,23,1688,8,6.118053982034326,3,2.611840073019266,60,23,3,0,M S,AC Milan,8,6.118053982034326,10.978380743414164,2.9943554420024157
7500,Giacomo Raspadori,26,1915,8,6.737520882859826,4,3.2476528948172927,57,34,6,0,F S,Sassuolo,8,6.737520882859826,12.743962575681508,4.53615739941597
9983,Beto,23,1769,8,7.534277906641364,0,1.512674506753683,48,16,1,0,F S,Udinese,8,7.534277906641364,9.433187649585307,2.281004125252366
502,Olivier Giroud,18,1123,7,6.581151759251952,2,1.660440120846033,29,18,2,0,F S,AC Milan,5,5.058554207906127,6.64026034809649,1.7401988226920366
591,Gerard Deulofeu,22,1638,7,4.494163952767849,2,4.698223927989602,52,44,5,0,F S,Udinese,7,4.494163952767849,8.969464495778084,1.9808325823396444
1294,Paulo Dybala,20,1453,7,6.0195638705044985,5,4.29837510548532,73,30,2,0,F S,Juventus,6,4.49696614779532,11.042827036231756,4.7679008431732655
1383,Manolo Gabbiadini,18,1152,7,3.9574741683900356,2,1.549494070932269,44,18,3,0,F S,Sampdoria,7,3.9574741683900356,4.927623305469751,0.9509926829487085
1384,Dries Mertens,20,872,7,3.8407528325915337,1,1.6166879273951054,31,18,1,0,F S,Napoli,6,3.079453982412815,6.579764410853386,3.3380361888557673
1393,Lorenzo Insigne,21,1542,7,10.674460994079709,6,4.654323207214475,69,46,1,0,F S,Napoli,1,3.822891326621175,10.763348542153835,5.141697011888027
1517,Antonio Candreva,25,2245,7,4.897793309763074,8,6.576998537406325,58,64,5,1,F M,Sampdoria,6,4.136494467034936,10.693273957818747,3.940788835287094
5322,Victor Osimhen,17,1177,7,7.566268987953663,0,1.223873782902956,54,10,3,1,F S,Napoli,7,7.566268987953663,8.97848754376173,0.9885805286467075
189,Hakan Calhanoglu,23,1644,6,4.263051511719823,8,5.416157439351082,47,57,7,0,M S,Inter,4,2.740453837439418,10.926448002457619,8.388501152396202
1471,Lorenzo Pellegrini,18,1527,6,5.965219998732209,4,5.210421359166503,64,47,3,1,M,Roma,6,5.203921223059297,9.078567648306489,3.4591235369443893
1958,Mattia Zaccagni,21,1261,6,3.7433784268796444,5,3.985377373173833,20,24,4,0,M S,"Lazio,Verona",5,2.982079606503248,7.032743576914072,1.383168201893568
2019,Federico Bonazzoli,21,1235,6,3.0188556034117937,0,0.5010590869933367,30,3,4,0,F S,Salernitana,5,2.2575567830353975,2.99227084685117,0.40673251915723085
2447,Fabián,22,1728,6,0.8886677268892527,3,2.890968914143741,29,26,2,0,M S,Napoli,6,0.8886677268892527,10.770637981593609,8.845992170274258
5353,Josip Brekalo,20,1489,6,4.441603934392333,1,3.336006172001362,35,40,1,0,F S,Torino,6,4.441603934392333,10.771466412581503,4.482397490181029
6980,Francesco Caputo,27,2064,6,6.752009075134993,5,3.524371133185923,39,30,1,0,F S,"Sampdoria,Sassuolo",6,6.752009075134993,11.964981378056109,2.7564741037786007
7947,Ruslan Malinovskiy,21,1297,6,2.8346408493816853,2,5.251962170004845,45,36,6,0,M S,Atalanta,6,2.8346408493816853,8.646600045263767,3.5521334316581488
9851,Nedim Bajrami,25,1551,6,5.388461859896779,3,3.7343031223863363,43,48,2,0,M S,Empoli,3,3.1045653950423002,7.715056270360947,3.8965466022491455
9905,David Okereke,21,1417,6,4.888862896710634,0,0.3592905178666115,34,7,1,1,S,Venezia,6,4.888862896710634,5.3337981924414635,0.9800363723188639
448,Ivan Perisic,24,1972,5,3.1299081705510616,1,3.434682469815016,30,28,3,0,D M,Inter,4,2.368609366938472,12.23224351555109,8.223477434366941
1104,Leonardo Pavoletti,23,919,5,5.22954311594367,1,0.7747658900916576,27,11,6,0,F S,Cagliari,5,5.22954311594367,6.778616718947887,1.24695098772645
1386,Piotr Zielinski,25,1685,5,2.9407729618251324,5,3.930336916819215,39,47,1,0,M S,Napoli,5,2.9407729618251324,11.029745941981673,5.700708094984293
1489,Franck Kessié,20,1419,5,3.9673120696097612,0,0.9050283562391996,19,18,1,0,M S,AC Milan,3,1.6834155786782503,7.860932778567076,5.891662556678057
1566,Mattia Aramu,22,1428,5,3.4500624099746346,4,3.2995348516851664,34,24,4,0,M S,Venezia,3,1.9274647245183587,4.982755455188453,1.9167210161685944
1804,Álvaro Morata,26,1723,5,7.080000659450889,5,4.8311882223933935,41,35,4,0,F S,Juventus,5,7.080000659450889,12.342859461903572,2.2210724968463182
2044,Daniele Verde,23,1316,5,3.6285891588777304,3,2.1134809777140617,39,22,2,0,F M S,Spezia,4,2.867290308699012,6.293893377296627,2.9916109079495072
2217,Antonio Sanabria,25,1631,5,8.367612477391958,2,2.0967248287051916,47,18,3,0,F S,Torino,5,8.367612477391958,10.730929758399725,2.0639257542788982
3065,Domenico Criscito,15,1307,5,4.018588034436107,1,0.551764952018857,18,6,3,0,D,Genoa,0,0.21213385928422213,2.235570652410388,1.6886757696047425
3751,Thomas Henry,24,1421,5,4.457775499671698,3,2.268073096871376,33,14,2,0,F S,Venezia,5,4.457775499671698,5.9610060304403305,0.8161229025572538
6512,Musa Barrow,22,1504,5,3.559183742851019,4,3.9889957569539547,48,31,0,0,F S,Bologna,5,3.559183742851019,7.736337066628039,3.288555500097573
7910,Szymon Zurkowski,25,1530,5,3.4843211881816387,1,1.049180269241333,38,18,4,0,M S,Empoli,5,3.4843211881816387,6.551712894812226,3.225058402866125
677,Jordan Veretout,26,1930,4,4.131331238895655,7,5.226232200860977,23,46,6,0,M S,Roma,3,2.6087335981428623,10.137374369893223,6.150297904852778
1089,Juan Cuadrado,25,1815,4,1.7266774838790298,2,4.522785181179643,26,41,6,0,D M S,Juventus,4,1.7266774838790298,11.283290110528469,8.307772589847445
1164,Cristiano Biraghi,25,2140,4,3.2400445621460676,0,3.2000065464526415,27,42,3,1,D,Fiorentina,3,1.7174468915909529,9.661866433918476,7.579478206112981
1186,Andrea Belotti,12,664,4,2.1555120777338743,1,0.351870977319777,26,5,0,0,F S,Torino,4,2.1555120777338743,2.249202808365226,0.9424518719315529
1208,Felipe Anderson,27,1970,4,3.720431150868535,6,4.462656520307064,27,37,1,0,F S,Lazio,4,3.720431150868535,11.56563787907362,5.203141909092665
1229,Luis Muriel,16,798,4,3.351678781211376,4,2.8156544156372547,33,24,0,0,F S,Atalanta,4,3.351678781211376,6.67893947660923,2.0363629832863808
1304,Moise Kean,21,753,4,4.736278489232063,0,0.16582033596932888,19,4,3,0,F S,Juventus,4,4.736278489232063,4.270945683121681,0.6579055767506361
1425,Nikola Kalinic,14,401,4,3.859070584177971,1,0.982884181663394,13,6,3,1,F S,Verona,4,3.859070584177971,5.1321131540462375,0.3818768672645092
1449,Federico Di Francesco,18,1058,4,1.9186718221753836,0,0.9368602326139808,24,14,1,0,F M S,Empoli,4,1.9186718221753836,3.841118510812521,1.1647859029471874
1809,Joaquín Correa,14,546,4,1.1476758979260921,1,0.7906181514263153,15,11,2,0,F S,Inter,4,1.1476758979260921,3.358646107837558,1.5800824649631977
2547,Theo Hernández,22,1816,4,4.222165253944695,6,3.4771906808018684,27,27,4,2,D S,AC Milan,3,2.6995675237849355,9.641966070979834,5.8477889727801085
4981,Davide Frattesi,26,2116,4,4.083057703450322,2,2.9500373620539904,41,21,4,0,M S,Sassuolo,4,4.083057703450322,10.387627936899662,5.777792975306511
5996,Adrien Tameze,27,1628,4,0.8020087201148272,1,0.8530564308166504,16,16,2,0,D M S,Verona,4,0.8020087201148272,5.583258148282766,4.422237956896424
6160,Riccardo Orsolini,19,1149,4,2.7219311501830816,2,0.8209541831165552,34,12,1,0,D M S,Bologna,3,1.9606323037296534,4.286652991548181,2.6327618192881346
7999,Hirving Lozano,21,1123,4,5.28639274276793,3,1.3108139727264643,40,14,1,0,F S,Napoli,4,5.28639274276793,8.020371653139591,2.760031462647021
8289,Gastón Pereiro,19,704,4,1.4508908819407225,2,1.7766257897019386,14,14,0,0,M S,Cagliari,4,1.4508908819407225,4.5940729258582,1.6975924000144005
8838,Junior Messias,16,898,4,2.2917230278253555,0,0.999506127089262,28,10,2,0,M S,AC Milan,4,2.2917230278253555,4.706360377371311,2.0462977085262537
8912,Tommaso Pobega,23,1526,4,3.0624443665146828,2,1.5044393055140972,33,15,8,0,M S,Torino,4,3.0624443665146828,5.751308926381171,3.324884684756398
8913,Emmanuel Gyasi,26,2182,4,3.975087784230709,0,1.3513736985623837,29,17,7,0,D M S,Spezia,4,3.975087784230709,9.550116442143917,4.767707573249936
8942,Aaron Hickey,24,1892,4,0.5062870164401829,1,0.9724809657782316,18,13,6,0,D M S,Bologna,4,0.5062870164401829,5.011548365466297,4.332282295450568
8963,Nahuel Molina,23,1663,4,1.8640334950760007,1,2.169353364035487,22,20,4,1,D M S,Udinese,4,1.8640334950760007,5.723853284493089,2.7935868641361594
9969,Teun Koopmeiners,20,1377,4,1.4682131046429276,1,3.771230449900031,20,31,2,0,M S,Atalanta,4,1.4682131046429276,9.824031099677086,6.602278605103493
317,Henrikh Mkhitaryan,25,2027,3,2.452184653840959,5,4.07035574875772,44,37,1,0,M S,Roma,3,2.452184653840959,11.019973807036877,5.783803752623498
1121,Giacomo Bonaventura,25,1912,3,4.350288970395923,4,2.363036036491394,36,30,6,1,M S,Fiorentina,3,4.350288970395923,10.922676142305136,5.212449008598924
1122,Manuel Locatelli,26,1801,3,2.2918345062062144,2,0.738257272168994,20,14,5,0,M S,Juventus,3,2.2918345062062144,9.146655667573214,6.368491820991039
1193,Lorenzo De Silvestri,22,1607,3,1.4472930580377579,1,1.0952776316553354,8,18,6,0,D M S,Bologna,3,1.4472930580377579,4.12726292386651,2.714009551331401
1210,Keita,16,908,3,2.60628485865891,1,0.8364801676943898,15,7,2,0,F S,Cagliari,3,2.60628485865891,3.768710844218731,0.4570491649210453
1219,Luis Alberto,24,1629,3,1.8705286253243685,7,4.980502168647945,30,43,5,0,M S,Lazio,3,1.8705286253243685,10.420411236584187,7.122848147526383
1223,Milan Skriniar,23,2070,3,2.5892658922821283,0,0.5658530332148075,18,5,2,0,D,Inter,3,2.5892658922821283,11.149749774485826,10.919761884957552
1230,Fabio Quagliarella,23,1265,3,2.53352961409837,3,1.8141293376684189,42,17,2,0,F S,Sampdoria,2,1.7722308384254575,4.4426460806280375,2.1292450465261936
1287,Leonardo Bonucci,17,1520,3,4.103544296696782,1,0.6809182483702898,13,9,1,0,D,Juventus,0,1.8196478206664324,5.306749999523163,4.916965138167143
1426,Josip Ilicic,19,832,3,2.9360260255634785,4,3.3613647241145372,31,32,1,0,M S,Atalanta,3,2.174727190285921,8.751610681414604,4.7372677605599165
1445,Simone Verdi,6,267,3,0.5924570597708225,0,0.21251198276877403,13,5,0,0,M S,"Salernitana,Torino",3,0.5924570597708225,0.9791538938879967,0.6958055067807436
1463,Francesco Acerbi,19,1545,3,1.7277954556047916,0,0.16615539975464344,6,3,1,1,D S,Lazio,3,1.7277954556047916,5.672827605158091,5.519389035180211
1493,Andrea Petagna,21,491,3,1.5750811100006104,0,0.589118093252182,13,8,1,0,F S,Napoli,3,1.5750811100006104,2.7876272797584534,0.7809196170419455
1570,Rey Manaj,19,1096,3,3.944467978551984,0,0.8612378835678101,33,11,5,0,F S,Spezia,2,3.1831691581755877,3.734296817332506,1.075341835618019
1577,Marko Pjaca,19,841,3,1.395311363041401,0,0.5028641913086176,16,12,0,0,F S,Torino,3,1.395311363041401,3.500615667551756,1.929593451321125
1634,Alessandro Deiola,23,1545,3,1.681989200413227,1,0.7293993132188916,20,6,5,0,M S,Cagliari,3,1.681989200413227,5.487151870504022,3.649884309619665
3856,Milan Djuric,21,1149,3,4.233486716635525,1,1.2473667226731777,24,11,3,0,F S,Salernitana,2,3.472187881357968,4.9677436500787735,0.9751586634665728
5360,Weston McKennie,20,1356,3,3.0620883218944073,0,1.2541384547948837,23,20,1,0,M S,Juventus,3,3.0620883218944073,5.111863426864147,2.322309661656618
6421,Brahim Diaz,23,1525,3,4.049639482982457,3,2.007928766310215,25,22,4,0,M S,AC Milan,3,4.049639482982457,9.420139510184526,3.6654577907174826
6672,Riccardo Sottil,18,1024,3,2.522440852597356,2,1.6381667349487543,20,10,1,1,F S,Fiorentina,3,2.522440852597356,4.104294283315539,1.4981498066335917
6974,Mattias Svanberg,25,1893,3,1.706024132668972,2,2.018826344050467,31,29,5,0,M S,Bologna,3,1.706024132668972,5.276043776422739,3.0213538464158773
6986,Hamed Junior Traore,21,1096,3,2.6572778495028615,2,3.2701276587322354,21,26,2,0,M S,Sassuolo,3,2.6572778495028615,9.454760893248022,5.931431203149259
7413,Ibañez,23,1981,3,1.5782659957185388,0,0.4240658152848482,17,9,5,0,D M S,Roma,3,1.5782659957185388,6.7840733751654625,6.638888154178858
7472,Wilfried Stephane Singo,25,1881,3,2.24498010892421,4,2.4788710940629244,32,19,3,1,D M S,Torino,3,2.24498010892421,8.687092179432511,4.802563497796655
7924,Amir Rrahmani,24,2118,3,3.1589879170060158,0,0.20724421832710505,19,5,3,0,D,Napoli,3,3.1589879170060158,7.8230716194957495,7.614921016618609
8916,Simone Bastoni,23,1730,3,1.4877950185909867,2,3.346420136280358,19,33,3,1,D M S,Spezia,3,1.4877950185909867,6.785291807726026,4.350029889959842
9840,Denzel Dumfries,23,1240,3,3.9458022788167,3,3.580711603164673,19,18,1,0,D S,Inter,3,3.9458022788167,11.404785234481096,4.795509420335293
498,Alexis Sánchez,19,717,2,2.52279619127512,2,1.7175755193457007,24,16,0,0,F S,Inter,2,2.52279619127512,7.855562545359135,4.413402888923883
628,Chris Smalling,18,1277,2,1.5865746140480042,0,0.5236679911613464,7,2,0,0,D S,Roma,2,1.5865746140480042,1.7312428019940853,1.7312428019940853
845,Maya Yoshida,19,1533,2,0.8608534783124924,2,1.212971861474216,7,3,1,0,D S,Sampdoria,2,0.8608534783124924,2.1747039714828134,2.1747039714828134
1030,Fernando Forestieri,4,47,2,1.1122449487447739,1,0.059410255402326584,3,1,1,0,S,Udinese,2,1.1122449487447739,0.30812157690525055,0.1687125861644745
1168,Bryan Cristante,24,1880,2,1.3632419425994158,0,1.7079652640968561,30,14,6,0,M S,Roma,2,1.3632419425994158,8.026535769924521,6.933419922366738
1227,Lucas Torreira,22,1613,2,1.528864037245512,1,1.4119026567786932,15,17,3,1,M S,Fiorentina,2,1.528864037245512,9.69390982016921,7.3359236270189285
1233,Filip Djuricic,9,645,2,2.5557878762483597,1,1.6718681659549475,16,10,1,0,M S,Sassuolo,2,2.5557878762483597,4.865900183096528,1.6640550550073385
1234,Dennis Praet,17,1080,2,1.6870446521788836,1,3.4146218933165073,17,19,2,0,M S,Torino,2,1.6870446521788836,6.913236856460571,2.4089973848313093
1252,Stephan El Shaarawy,19,698,2,1.5722324941307306,0,2.3691166304051876,29,20,1,0,M S,Roma,2,1.5722324941307306,7.318724979646504,4.212267741560936
1313,Riccardo Saponara,20,799,2,1.2360491678118706,3,2.6812957003712654,25,13,0,0,F S,Fiorentina,2,1.2360491678118706,7.597528919577599,4.194375261664391
1324,Federico Dimarco,24,975,2,2.877935966476798,1,3.5283644488081336,24,36,0,0,D S,Inter,2,2.1166371013969183,8.184877190738916,5.883526634424925
1376,Kalidou Koulibaly,17,1511,2,1.2624653112143278,2,0.9172648061066866,6,6,3,1,D,Napoli,2,1.2624653112143278,3.9963442534208298,3.7356291506439447
1409,Nicolò Barella,24,1981,2,3.3572832625359297,7,5.924331684596837,47,38,6,0,M,Inter,2,3.3572832625359297,16.88058166205883,8.806903859600425
1433,Federico Chiesa,14,867,2,2.4671006090939045,2,1.0702262371778488,28,17,0,0,M S,Juventus,2,2.4671006090939045,4.272591594606638,1.217174582183361
1468,Gregoire Defrel,27,937,2,3.5222900565713644,1,1.2371988277882338,20,14,3,0,F S,Sassuolo,2,3.5222900565713644,4.984565149992704,1.2736058682203293
1496,Roberto Gagliardini,11,465,2,1.310421820729971,1,0.597316138446331,8,3,2,0,M S,Inter,2,1.310421820729971,4.343634780496359,3.145199503749609
1574,Davide Calabria,16,1268,2,1.9999540988355875,2,0.9395451582968235,24,8,2,0,D S,AC Milan,2,1.9999540988355875,6.721831858158112,4.749440707266331
1723,Roberto Pereyra,15,1074,2,1.8773604687303305,2,1.4043281227350235,12,16,3,1,M S,Udinese,1,1.116061633452773,5.29413684271276,3.2050049230456352
1852,Ante Rebic,15,618,2,1.944603931158781,2,3.6719250325113535,22,23,2,0,F S,AC Milan,2,1.944603931158781,5.224146585911512,1.0458037853240967
1956,Mohamed Fares,9,585,2,1.2060296311974525,1,0.5327053293585777,13,5,2,0,D M S,Genoa,2,1.2060296311974525,1.6634865924715996,0.897174246609211
1971,Simone Romagnoli,13,967,2,1.823810689151287,0,0.15977045893669128,5,3,2,0,D S,Empoli,2,1.823810689151287,2.2748368084430695,2.159683594480157
2711,Aleksey Miranchuk,14,492,2,0.9145284332334995,4,2.417057078331709,10,18,0,0,M S,Atalanta,2,0.9145284332334995,4.221161689609289,1.2998156249523163
3978,Marco Faraoni,23,1870,2,1.3246762370690703,5,2.2602208219468594,24,17,4,0,D M S,Verona,2,1.3246762370690703,6.800257174298167,4.463239380158484
4903,Mamadou Coulibaly,9,755,2,1.14416841045022,0,0.22825265116989613,8,6,1,0,M,Salernitana,2,1.14416841045022,3.7506539914757013,2.4845701046288013
4918,Patrick Cutrone,21,1123,2,3.5084664560854435,0,0.5141077749431133,44,7,1,0,F S,Empoli,2,3.5084664560854435,5.401339180767536,1.5220679454505444
5719,Sérgio Oliveira,5,359,2,1.159316599369049,1,1.2322223037481308,8,10,2,0,M,Roma,1,0.3980177640914917,1.2752335257828236,0.16613064892590046
5954,Eldor Shomurodov,20,535,2,3.4231057427823544,3,1.753871001303196,19,15,1,0,F S,Roma,2,3.4231057427823544,6.082272790372372,1.1814344245940447
6180,Manuel Lazzari,21,905,2,0.5747479721903801,1,1.1961196549236774,7,5,3,0,D S,Lazio,2,0.5747479721903801,2.6385517716407776,2.057250328361988
6686,Nicolo Zaniolo,21,1558,2,4.787991524673998,1,1.5453782947733998,53,22,9,2,M S,Roma,2,4.787991524673998,8.180249857716262,4.15553830191493
6960,Bremer,24,2101,2,4.934269605204463,1,0.37901961617171764,22,7,6,0,D,Torino,2,4.934269605204463,6.24538935162127,5.4918900253251195
6997,Ignacio Pussetto,17,854,2,3.173765279352665,1,0.8260115310549736,24,8,3,0,F S,Udinese,1,2.4124664440751076,2.9992157258093357,0.7393833063542843
7074,Nicolás González,21,1386,2,4.294666230678558,4,3.4767479663714767,40,24,0,1,F S,Fiorentina,2,4.294666230678558,9.622190684080124,3.709982691332698
7090,Krzysztof Piatek,5,315,2,2.252928525209427,0,0.9790207743644714,10,3,0,0,F S,Fiorentina,2,1.4916297495365143,2.2891060039401054,0
7902,Matthijs de Ligt,22,1918,2,1.8599706692621112,0,1.198918342590332,15,7,1,1,D S,Juventus,2,1.8599706692621112,6.818377800285816,6.229501977562904
7912,Eljif Elmas,27,1355,2,2.1617846209555864,5,1.5773762948811054,24,19,2,0,F M S,Napoli,2,2.1617846209555864,7.111051928251982,4.442696335725486
7939,Morten Thorsby,25,2145,2,3.2247232580557466,1,0.7222892669960856,19,9,10,0,F M,Sampdoria,2,3.2247232580557466,4.983416607603431,2.195684641599655
7958,Sandro Tonali,26,1816,2,1.7535546533763409,2,2.662210701033473,27,32,5,0,M S,AC Milan,2,1.7535546533763409,8.919351745396852,5.991791692562401
7972,Andrea La Mantia,11,208,2,1.0319457007572055,1,0.6877441424876451,9,5,0,0,F S,Empoli,2,1.0319457007572055,1.0364503134042025,0.43631191551685333
8010,Kevin Agudelo,12,483,2,1.0281585967168212,1,0.698807068169117,7,7,2,1,F S,Spezia,2,1.0281585967168212,2.4952347353100777,1.2136153541505337
9018,M&#039;Bala Nzola,19,1032,2,2.775495857000351,1,1.4888001158833504,21,11,2,0,F S,Spezia,2,2.775495857000351,5.60671747662127,1.8495349381119013
9850,Filippo Bandinelli,25,1260,2,1.614871034398675,3,2.6155361542478204,25,21,7,0,M S,Empoli,2,1.614871034398675,5.778423657640815,2.4402118865400553
9878,Pietro Ceccaroni,24,2133,2,1.168328806757927,1,0.6876081936061382,13,4,5,1,D,Venezia,2,1.168328806757927,3.074186095967889,2.8805428612977266
9893,Youssef Maleh,19,634,2,1.692535745445639,2,1.1924299746751785,16,9,2,0,M S,Fiorentina,2,1.692535745445639,4.586904346942902,1.923511227592826
9903,Domen Crnigoj,23,1306,2,1.3133386094123125,1,1.0878503359854221,21,10,3,0,D M S,Venezia,2,1.3133386094123125,3.414077937602997,1.898069417104125
9999,Arthur Theate,21,1719,2,1.2837007073685527,1,0.15595786832273006,17,4,4,0,D S,Bologna,2,1.2837007073685527,4.419279605150223,4.262934152036905
10077,Felix Afena-Gyan,12,495,2,1.488972500897944,0,0.7358112968504429,14,5,2,1,F M S,Roma,2,1.488972500897944,2.855887796729803,0.867246501147747
222,Arturo Vidal,19,435,1,1.4004979748278856,1,0.57850182056427,13,6,3,0,M S,Inter,1,1.4004979748278856,4.366356402635574,2.4673520512878895
411,Albin Ekdal,21,1346,1,0.6404476780444384,0,0.26386275328695774,13,5,8,1,M S,Sampdoria,1,0.6404476780444384,1.4940368281677365,0.8464659573510289
557,Matteo Darmian,17,1142,1,0.8435626439750195,1,1.851460311561823,7,13,2,0,D S,Inter,1,0.8435626439750195,5.483576972037554,3.501479459926486
1106,Darko Lazovic,26,2153,1,2.6429409878328443,4,3.478190933354199,38,30,2,0,D M S,Verona,1,2.6429409878328443,9.837370555847883,5.6322041573002934
1119,Alessio Romagnoli,18,1398,1,0.7881945855915546,0,0.0868346942588687,12,3,4,1,D S,AC Milan,1,0.7881945855915546,3.6132344510406256,3.573710674419999
1120,Mattia De Sciglio,14,785,1,0.45369195006787777,1,1.6498648477718234,5,13,1,0,D S,Juventus,1,0.45369195006787777,3.082259184680879,1.2542563639581203
1178,Davide Zappacosta,23,1528,1,1.5599372703582048,3,3.4265498742461205,24,23,4,0,D M S,Atalanta,1,1.5599372703582048,9.357777616009116,5.947535641491413
1206,Danilo Cataldi,23,1298,1,0.17507647536695004,2,1.7979423366487026,6,13,7,0,M S,Lazio,1,0.17507647536695004,4.182238575071096,3.541851201094687
1221,Jacopo Sala,17,903,1,0.07873217109590769,0,0.4308085236698389,4,7,3,0,M S,Spezia,1,0.07873217109590769,1.8232483183965087,1.4009805973619223
1247,Juan Jesus,17,994,1,0.26342589035630226,0,0.20737940445542336,4,4,0,0,D S,Napoli,1,0.26342589035630226,3.577459717169404,3.4750143587589264
1254,Alessandro Florenzi,18,1012,1,0.542251592501998,0,0.8295268900692463,18,10,0,0,D M S,AC Milan,1,0.542251592501998,3.1999644096940756,2.6377203166484833
1354,Gianmarco Ferrari,26,2316,1,1.8554481877945364,0,0.867032241076231,21,5,4,1,D,Sassuolo,1,1.8554481877945364,9.585023859515786,9.225457083433867
1362,Simy,19,839,1,2.954823825508356,1,0.7397672235965729,20,8,0,0,F S,Salernitana,1,2.954823825508356,3.8042211681604385,0.7839426398277283
1375,Elseid Hysaj,24,1865,1,0.5768289938569069,0,0.9398701712489128,4,12,2,0,D S,Lazio,1,0.5768289938569069,6.66219374537468,5.86416482925415
1382,José Callejón,22,1193,1,1.5479039223864675,2,2.0852098036557436,14,18,0,0,F M S,Fiorentina,1,1.5479039223864675,6.146712960675359,3.4988456685096025
1400,Nicola Murru,16,622,1,0.18704337999224663,0,0.6632054513320327,3,5,4,0,D M S,Sampdoria,1,0.18704337999224663,1.2466333974152803,0.5101080890744925
1423,Matías Vecino,15,283,1,0.9565695598721504,0,0.869618721306324,6,4,1,0,M S,Inter,1,0.9565695598721504,5.458463866263628,4.055571272969246
1424,Federico Bernardeschi,18,1071,1,1.335501323454082,2,1.4972474221140146,29,14,3,0,M S,Juventus,1,1.335501323454082,5.159594379365444,3.0883109103888273
1465,Stefano Sensi,12,382,1,1.1650578826665878,0,0.7210829220712185,4,8,0,0,M S,"Inter,Sampdoria",1,1.1650578826665878,2.4857693761587143,0.6126709897071123
1473,Matteo Politano,24,1245,1,2.691651636734605,3,2.796258058398962,35,25,2,0,F M S,Napoli,1,2.691651636734605,5.595273606479168,1.8566482029855251
1474,Alfred Duncan,21,1147,1,1.1006064601242542,2,0.9567216979339719,7,14,1,0,M S,Fiorentina,1,1.1006064601242542,3.770863681100309,2.931946460157633
1484,Rafael Toloi,17,1305,1,1.2492666617035866,1,0.5491914544254541,12,7,5,0,D S,Atalanta,1,1.2492666617035866,5.895646592602134,4.8986427783966064
1486,Mattia Caldara,22,1893,1,1.5288082165643573,0,0.04711620043963194,11,2,9,0,D S,Venezia,1,1.5288082165643573,1.8590080253779888,1.738731162622571
1487,Andrea Conti,6,220,1,0.39911360293626785,0,0,3,0,1,0,M S,"AC Milan,Sampdoria",1,0.39911360293626785,0.05376086384057999,0
1488,Remo Freuler,20,1689,1,0.3465789882466197,3,1.216338898986578,9,18,5,0,M S,Atalanta,1,0.3465789882466197,7.8621184807270765,6.7911155465990305
1523,Danilo D&#039;Ambrosio,12,599,1,1.3296633437275887,0,0.04221328720450401,9,1,1,0,D S,Inter,1,1.3296633437275887,4.498442724347115,3.882808044552803
1537,Sasa Lukic,25,2116,1,2.0520740654319525,4,3.0655448948964477,21,24,6,0,M S,Torino,1,2.0520740654319525,11.877271100878716,8.184324840083718
1550,Luca Ceppitelli,19,1117,1,0.1886935867369175,1,0.08026134967803955,4,1,2,0,D S,Cagliari,1,0.1886935867369175,2.81976755335927,2.719096962362528
1624,Fabio Depaoli,14,456,1,0.41120672691613436,1,0.46184491366147995,4,3,4,0,D M S,"Sampdoria,Verona",1,0.41120672691613436,1.9207391198724508,1.424312829039991
1710,Marten de Roon,20,1646,1,1.1459602825343609,0,0.47514744102954865,13,6,4,0,D M S,Atalanta,1,1.1459602825343609,7.242148296907544,6.554244405589998
1724,Isaac Success,15,537,1,1.4098962545394897,3,1.5991107076406479,13,8,1,1,F S,Udinese,1,1.4098962545394897,4.531248669140041,2.4484383249655366
1903,Kevin Lasagna,20,800,1,3.279826005920768,4,2.084663124755025,29,13,0,0,F S,Verona,1,3.279826005920768,5.378864755854011,0.7849590023979545
1942,Martín Cáceres,14,827,1,0.2309368448331952,1,1.0318250097334385,7,5,3,1,D S,Cagliari,1,0.2309368448331952,2.6296942364424467,2.0052684592083097
2053,Martin Erlic,20,1732,1,1.3641121499240398,0,0.35556679405272007,10,4,2,0,D,Spezia,1,1.3641121499240398,2.878287029452622,2.7275533080101013
2116,Felipe Caicedo,10,271,1,1.267576789483428,2,0.9076990485191345,12,7,1,0,F S,"Genoa,Inter",1,1.267576789483428,2.081390080973506,0.014479633420705795
2244,Danilo,14,1175,1,0.6206437200307846,1,0.3811626471579075,7,6,5,0,D M,Juventus,1,0.6206437200307846,3.697894010692835,3.4156498201191425
2418,Álvaro Odriozola,21,1510,1,0.9255189299583435,1,2.348118055611849,3,21,4,1,D S,Fiorentina,1,0.9255189299583435,8.419499821960926,6.250047028064728
3536,Jean-Victor Makengo,22,1506,1,2.28091908339411,2,0.9351035552099347,17,18,3,1,M S,Udinese,1,2.28091908339411,5.172871126793325,2.3892405796796083
3772,Maxime Lopez,26,2243,1,0.6102272793650627,0,1.8510694541037083,8,34,10,0,M S,Sassuolo,1,0.6102272793650627,12.741084955632687,11.260098658502102
4348,Tolgay Arslan,22,1284,1,1.079567702487111,1,0.9761233925819397,20,12,6,0,M S,Udinese,1,1.079567702487111,3.127699973061681,1.6154795251786709
4733,José Luis Palomino,22,1760,1,1.2142433589324355,0,0.11694745719432831,8,2,6,0,D S,Atalanta,1,1.2142433589324355,7.449837410822511,7.243083404377103
4939,Alessandro Bastoni,22,1766,1,0.19132938981056213,3,2.15573813021183,7,12,3,0,D,Inter,1,0.19132938981056213,10.092708472162485,9.749499130994081
4951,Grigoris Kastanos,16,1004,1,0.8659430770203471,1,1.1916835252195597,21,20,2,1,M S,Salernitana,1,0.8659430770203471,2.4075371138751507,1.495681183412671
4959,Filippo Melegoni,14,382,1,0.13789030350744724,0,0.23366649448871613,3,6,0,0,M S,Genoa,1,0.13789030350744724,0.5939262714236975,0.43654140643775463
6130,Daniel Bessa,17,434,1,0.19543871004134417,0,0.3227948434650898,6,8,1,1,M S,Verona,1,0.19543871004134417,2.3000069819390774,1.988183882087469
6147,Denis Zakaria,3,209,1,0.614455372095108,0,0.05662349611520767,3,1,0,0,M,Juventus,1,0.614455372095108,0.7952519729733467,0.1241731196641922
6155,Robin Gosens,6,459,1,1.3570928424596786,0,0.31826017796993256,14,5,2,0,D M S,Atalanta,1,1.3570928424596786,2.397729441523552,1.3611370138823986
6174,Nikola Milenkovic,22,1904,1,1.3826967235654593,0,0.49824726581573486,18,1,5,1,D,Fiorentina,1,1.3826967235654593,6.34601560048759,6.305772786960006
6412,Raoul Bellanova,20,1552,1,1.328659188002348,2,3.212829114869237,12,20,2,0,D M S,Cagliari,1,1.328659188002348,6.490331978537142,2.4528644056990743
6691,Dejan Kulusevski,20,758,1,2.578637033700943,3,1.533928170800209,18,10,1,0,M S,Juventus,1,2.578637033700943,5.6107612662017345,1.7411721050739288
6696,Luca Ranieri,21,1701,1,1.058620641939342,0,1.149532487615943,7,11,6,0,D M S,Salernitana,1,1.058620641939342,4.561175219714642,2.4852154292166233
6972,Federico Santander,7,58,1,0.49832006637007,0,0.13186530768871307,2,1,1,0,S,Bologna,1,0.49832006637007,0.9532291293144226,0.3297569453716278
6978,Giovanni Di Lorenzo,27,2355,1,0.6396193951368332,1,1.5388940796256065,15,24,3,0,D,Napoli,1,0.6396193951368332,9.51837333291769,8.414821147918701
6981,Ismael Bennacer,22,992,1,0.4866063818335533,1,1.3693842524662614,10,17,5,0,M S,AC Milan,1,0.4866063818335533,4.665984882041812,3.5939972791820765
6991,Leo Stulac,16,596,1,0.15638525784015656,2,0.24699382344260812,5,6,1,0,M S,Empoli,1,0.15638525784015656,1.921592615544796,1.7072852719575167
7003,Mehdi Bourabia,7,251,1,0.017899876460433006,0,0.04561538901180029,1,2,0,0,M S,Spezia,1,0.017899876460433006,0.9304817393422127,0.9039238132536411
7013,Matteo Pessina,18,965,1,1.8866901099681854,1,0.928288908675313,22,17,0,0,M S,Atalanta,1,1.8866901099681854,7.566710535436869,5.373804787173867
7375,Roberto Piccoli,14,209,1,1.4017495401203632,0,0.19121215119957924,5,4,0,0,F S,"Atalanta,Genoa",1,1.4017495401203632,1.729039367288351,0.136077668517828
7416,Merih Demiral,17,1424,1,1.8906260216608644,1,0.1031389981508255,17,2,5,0,D,Atalanta,1,1.8906260216608644,3.5441129729151726,2.3161527793854475
7530,Samuele Ricci,22,1536,1,0.17735763499513268,1,0.3042088644579053,8,7,1,1,M S,"Empoli,Torino",1,0.17735763499513268,4.707125078886747,4.5747539065778255
7909,Gaetano Castrovilli,17,871,1,0.8024589121341705,1,0.47779919020831585,9,7,4,0,M S,Fiorentina,1,0.8024589121341705,5.165837676264346,4.12627939786762
7925,Liam Henderson,27,1612,1,1.744001436047256,3,3.14287609513849,38,36,2,0,M S,Empoli,1,1.744001436047256,6.105435720644891,3.692853407934308
7927,Sofyan Amrabat,15,409,1,0.018404124304652214,0,0.1108767930418253,1,4,4,0,M S,Fiorentina,1,0.018404124304652214,0.5611577164381742,0.4799671955406666
7938,Tommaso Augello,25,1776,1,0.3698096815496683,0,1.3420497942715883,3,13,0,0,D M S,Sampdoria,1,0.3698096815496683,3.961827074177563,3.3956119967624545
8163,Daniel Maldini,8,142,1,0.5494750142097473,0,0.050207577645778656,3,1,1,0,M S,AC Milan,1,0.5494750142097473,0.713204875588417,0.11352228373289108
8297,Alexis Saelemaekers,27,1471,1,1.817961080931127,3,3.110942831262946,27,27,2,0,M S,AC Milan,1,1.817961080931127,10.904723169282079,6.702963054180145
8311,Janis Antiste,12,625,1,1.2202031426131725,0,0.24698199145495892,11,4,0,0,F S,Spezia,1,1.2202031426131725,1.462029461748898,0.33241517189890146
8341,Lazar Samardzic,12,127,1,0.3185806255787611,1,0.6407514084130526,7,8,0,0,S,Udinese,1,0.3185806255787611,0.8115279134362936,0.517539219930768
8589,Flavio Junior Bianchi,7,320,1,0.8268585503101349,0,0.10605618078261614,10,3,0,0,F S,Genoa,1,0.8268585503101349,1.36996728181839,0.4752373956143856
8828,Ivan Ilic,23,1758,1,1.5999089945107698,3,1.3967521972954273,14,13,3,1,M S,Verona,1,1.5999089945107698,6.2059718845412135,4.248955498449504
8831,Iyenoma Destiny Udogie,22,1379,1,0.9048946648836136,1,0.6162291024811566,12,15,1,0,D M S,Udinese,1,0.9048946648836136,3.647828087210655,2.6027009449899197
9019,Lucas Martínez Quarta,16,1295,1,0.8382054623216391,0,0.5826911786571145,13,5,7,0,D S,Fiorentina,1,0.8382054623216391,4.69403288513422,4.568406082689762
9233,Joakim Maehle,20,1251,1,1.9492526911199093,1,1.064586341381073,16,14,2,0,D M S,Atalanta,1,1.9492526911199093,6.374392727389932,3.9188757445663214
9344,Viktor Kovalenko,15,943,1,0.24773771688342094,3,0.8003683518618345,7,10,2,0,M S,Spezia,1,0.24773771688342094,3.217627625912428,2.4703995548188686
9518,Edoardo Bove,8,44,1,0.01665673777461052,0,0,1,0,0,0,S,Roma,1,0.01665673777461052,0.08796311169862747,0.08796311169862747
9841,Andrea Cambiaso,25,1766,1,0.6293242834508419,4,2.0022325981408358,13,15,3,1,D M S,Genoa,1,0.6293242834508419,3.4899141304194927,1.1618422465398908
9843,Caleb Ekuban,22,1402,1,3.0380771849304438,2,2.4471731605008245,27,13,2,0,F S,Genoa,1,3.0380771849304438,5.85263776127249,1.2066081371158361
9849,Petar Stojanovic,24,2027,1,0.4350387779995799,1,1.8381243022158742,8,24,6,0,D,Empoli,1,0.4350387779995799,6.723504472523928,5.236772917211056
9852,Leonardo Mancuso,8,432,1,1.8772080056369305,0,0.13707614317536354,12,3,0,0,F S,Empoli,1,1.8772080056369305,2.2629288733005524,0.3229047879576683
9865,Andrea Schiavone,14,552,1,0.4747043550014496,0,0.5141427544876933,2,11,1,0,M S,Salernitana,1,0.4747043550014496,1.0916386283934116,0.49419499188661575
9866,Nadir Zortea,17,705,1,0.2825039569288492,1,0.3998562693595886,8,5,1,0,D M S,Salernitana,1,0.2825039569288492,1.6940385047346354,1.175616318359971
9883,Francesco Forte,12,394,1,1.2650547549128532,0,0.44838250055909157,11,4,3,0,F S,Venezia,1,1.2650547549128532,1.3781145382672548,0.10123572498559952
9904,Gianluca Busio,23,1621,1,0.5581504870206118,2,1.483235546387732,11,14,5,0,M S,Venezia,1,0.5581504870206118,3.838834945112467,2.715595070272684
9952,Ridgeciano Haps,14,1147,1,0.37098628003150225,1,0.5800009518861771,5,9,2,0,D M S,Venezia,1,0.37098628003150225,1.670859133824706,0.9069956112653017
9985,Johan Vásquez,19,1547,1,0.5518768671900034,0,0.036812447011470795,7,1,7,0,D S,Genoa,1,0.5518768671900034,2.6062265522778034,2.4688576385378838
10008,Cedric Gondo,14,716,1,1.5368841867893934,0,0.6315698754042387,19,12,1,0,F S,Salernitana,1,1.5368841867893934,1.958485396578908,0.8101507052779198
10023,David Strelec,9,492,1,0.2832682691514492,0,0.8686309158802032,4,7,0,0,F M S,Spezia,1,0.2832682691514492,1.969761997461319,0.8178627602756023
10084,Cristian Volpato,2,27,1,0.06826246529817581,0,0,1,0,0,0,S,Roma,1,0.06826246529817581,0,0
10377,Arthur Cabral,3,114,1,0.9719197750091553,1,0.018404124304652214,2,1,0,0,F S,Fiorentina,1,0.9719197750091553,1.3017586171627045,0.3114347457885742
82,Nadiem Amiri,2,38,0,0.038811296224594116,0,0,1,0,0,0,S,Genoa,0,0.038811296224594116,0.038811296224594116,0
257,Jeremy Toljan,18,1358,0,0.08989632036536932,0,1.2423426806926727,3,14,2,0,D S,Sassuolo,0,0.08989632036536932,6.515590637922287,5.402589537203312
308,Ricardo Rodríguez,22,1661,0,0.16951899230480194,0,1.0841195015236735,5,12,2,0,D S,Torino,0,0.16951899230480194,4.397307384759188,4.3108622543513775
329,Franck Ribéry,16,1134,0,0.5441155824810266,2,3.276500666514039,10,26,1,0,F M S,Salernitana,0,0.5441155824810266,4.370571913197637,1.9882202744483948
347,Kaan Ayhan,14,649,0,0.10765986889600754,0,0.015969961881637573,2,1,1,1,D S,Sassuolo,0,0.10765986889600754,3.198599573224783,3.1826296113431454
451,Matija Nastasic,5,209,0,0.0729401707649231,0,0.03308972716331482,1,1,1,0,D S,Fiorentina,0,0.0729401707649231,0.33831191435456276,0.30522219091653824
475,Lucas Leiva,24,1124,0,0.09462633542716503,0,0.0612087482586503,3,2,5,0,M S,Lazio,0,0.09462633542716503,4.96791285648942,4.812077768146992
504,Aaron Ramsey,3,97,0,0,0,0.15080995857715607,0,2,0,0,M S,Juventus,0,0,0.9046969041228294,0.7538869380950928
505,David Ospina,23,2070,0,0,0,0,0,0,0,0,GK,Napoli,0,0,2.1334709618240595,2.1334709618240595
560,Sergio Romero,15,1350,0,0,0,0.09384769946336746,0,1,2,0,GK,Venezia,0,0,0.6044662147760391,0.5106185153126717
570,Valon Behrami,10,287,0,0.07484257221221924,0,0.1445276290178299,1,1,3,0,M S,Genoa,0,0.07484257221221924,0.3581671118736267,0.13879691064357758
621,Aleksandar Kolarov,3,38,0,0.013042481616139412,0,0,1,0,0,0,S,Inter,0,0.013042481616139412,0.5067071728408337,0.4936646893620491
703,Fikayo Tomori,20,1741,0,0.26954434160143137,0,0.029873046092689037,5,2,2,0,D S,AC Milan,0,0.26954434160143137,6.232892495580018,6.189517644234002
725,Ola Aina,16,1071,0,0.2743433928117156,0,1.5573463961482048,8,12,4,0,D M S,Torino,0,0.2743433928117156,3.6559940427541733,2.1997814886271954
934,Axel Tuanzebe,1,7,0,0,0,0,0,0,0,0,S,Napoli,0,0,0.08473429083824158,0.08473429083824158
1000,Federico Fazio,4,360,0,0.19048332795500755,0,0.011087802238762379,5,1,1,0,D,Salernitana,0,0.19048332795500755,0.08897131122648716,0.05337093211710453
1093,Mattia Perin,3,270,0,0,0,0,0,0,0,0,GK,Juventus,0,0,0.025746792554855347,0.025746792554855347
1096,Armando Izzo,4,98,0,0.02274763397872448,0,0,1,0,0,0,D S,Torino,0,0.02274763397872448,0,0
1098,Miguel Veloso,18,1217,0,0.5125388605520129,3,1.876867757178843,16,25,4,1,M S,Verona,0,0.5125388605520129,6.005259554833174,4.838214546442032
1099,Tomás Rincón,14,593,0,0,0,0.07629915606230497,0,4,4,0,M S,"Sampdoria,Torino",0,0,0.6645786166191101,0.5882794568315148
1105,Riccardo Fiamozzi,7,391,0,0,0,0.8086232822388411,0,5,1,0,D S,Empoli,0,0,1.543171502649784,1.446036048233509
1114,Davide Biraschi,14,938,0,0.07617250271141529,0,0.11348496936261654,3,3,4,0,D M S,Genoa,0,0.07617250271141529,0.887327840551734,0.7308447137475014
1115,Goran Pandev,20,820,0,0.4907190315425396,1,0.9130776338279247,7,10,1,0,F S,Genoa,0,0.4907190315425396,2.168967744335532,0.914090103469789
1142,Samir,17,1430,0,1.144122446887195,0,0.09820834547281265,7,3,5,0,D,Udinese,0,1.144122446887195,3.2255840599536896,3.117190718650818
1175,Vincenzo Fiorillo,1,90,0,0,0,0,0,0,0,0,GK,Salernitana,0,0,0,0
1182,Daniele Baselli,9,251,0,1.4412642382085323,0,0.6254783626645803,3,5,0,0,M S,"Cagliari,Torino",0,1.4412642382085323,2.3739023208618164,0.42327183298766613
1183,Marco Benassi,11,270,0,0.14554383140057325,0,0.4575117826461792,5,3,2,0,D M S,"Empoli,Fiorentina",0,0.14554383140057325,1.9028904810547829,1.470317604020238
1190,Joel Obi,18,996,0,1.7912555150687695,1,1.4886679286137223,10,13,4,0,M S,Salernitana,0,1.7912555150687695,3.376458801329136,0.6003071051090956
1195,Daniele Padelli,2,180,0,0,0,0,0,0,0,0,GK,Udinese,0,0,0,0
1204,Patric,16,1009,0,0.4057998703792691,1,0.3397128041833639,4,3,3,1,D S,Lazio,0,0.4057998703792691,3.4918745420873165,2.8628875724971294
1214,Thomas Strakosha,12,1080,0,0,0,0,0,0,1,0,GK,Lazio,0,0,1.2308686058968306,1.2308686058968306
1226,Karol Linetty,14,864,0,0.7249446753412485,1,1.0387912169098854,13,14,2,0,M S,Torino,0,0.7249446753412485,2.3652328960597515,1.3879088200628757
1244,Wojciech Szczesny,24,2160,0,0,0,0.08202436938881874,0,2,2,0,GK,Juventus,0,0,2.65629243478179,2.5829623490571976
1246,Kostas Manolas,4,312,0,0,0,0,0,0,1,0,D S,Napoli,0,0,0.6831304021179676,0.6831304021179676
1256,Kevin Strootman,10,641,0,0.02264050394296646,0,0.13708547689020634,1,3,4,0,M S,Cagliari,0,0.02264050394296646,1.5190750323235989,1.3819895517081022
1264,Edoardo Goldaniga,7,541,0,0.7336018569767475,0,0,4,0,2,0,D S,"Cagliari,Sassuolo",0,0.7336018569767475,1.1394164077937603,0.9888480007648468
1272,Ilija Nestorovski,1,11,0,0.039072185754776,0,0,1,0,1,0,S,Udinese,0,0.039072185754776,0.039072185754776,0
1273,Mato Jajalo,13,374,0,0.2758545521646738,1,0.5048715705052018,4,5,1,0,M S,Udinese,0,0.2758545521646738,1.6279569147154689,1.3176813758909702
1281,Giuseppe Pezzella,17,797,0,0.4418289363384247,2,0.6851964928209782,8,6,3,0,D M S,Atalanta,0,0.4418289363384247,3.2506582606583834,2.2754763402044773
1289,Alex Sandro,20,1336,0,1.0741781927645206,0,1.716407605446875,9,20,2,0,D S,Juventus,0,1.0741781927645206,6.423645012080669,4.378200959414244
1296,Stefano Sturaro,20,1458,0,0.3811080437153578,0,0.9138739332556725,9,7,8,0,M S,Genoa,0,0.3811080437153578,3.153851769864559,1.9140858482569456
1301,Daniele Rugani,6,465,0,0.14300742745399475,0,0.014195336028933525,2,1,1,0,D S,Juventus,0,0.14300742745399475,0.850764200091362,0.850764200091362
1302,Emil Audero,20,1759,0,0,0,0.022936373949050903,0,1,1,0,GK,Sampdoria,0,0,0.7441228795796633,0.7211865056306124
1305,Lukasz Skorupski,26,2340,0,0,0,0,0,0,3,0,GK,Bologna,0,0,2.8241763841360807,2.8241763841360807
1311,Rade Krunic,18,1072,0,0.6155375875532627,1,1.699407670646906,8,12,2,0,M S,AC Milan,0,0.6155375875532627,3.4580568373203278,2.3912620544433594
1316,Frederic Veseli,8,559,0,0.013187538832426071,0,0,1,0,1,1,D S,Salernitana,0,0.013187538832426071,0.16546953283250332,0.15228199400007725
1341,Ivan Radovanovic,3,181,0,0.09096860513091087,0,0.11923698335886002,5,1,1,0,M,Salernitana,0,0.09096860513091087,0.2542337141931057,0.04402812570333481
1358,Leonardo Capezzi,5,172,0,0,0,0,0,0,0,0,M S,Salernitana,0,0,0.19139360636472702,0.19139360636472702
1360,Diego Falcinelli,3,41,0,0.24223097413778305,0,0,5,0,0,0,S,Bologna,0,0.24223097413778305,0.13793620467185974,0.06272689998149872
1370,Federico Ceccherini,24,1608,0,0.9327998431399465,0,0.2608777545392513,9,5,6,0,D S,Verona,0,0.9327998431399465,3.126735458150506,2.4274810776114464
1374,José Reina,15,1350,0,0,1,0.2545689642429352,0,1,3,0,GK,Lazio,0,0,2.1695388350635767,1.9149698782712221
1377,Nikola Maksimovic,9,665,0,0.07429044600576162,0,0.03680359199643135,2,1,2,0,D S,Genoa,0,0.07429044600576162,0.9654623726382852,0.9654623726382852
1380,Amadou Diawara,4,169,0,0.02163885161280632,0,0.01571584865450859,1,1,0,0,M S,Roma,0,0.02163885161280632,0.4056228082627058,0.3899069596081972
1387,Faouzi Ghoulam,9,200,0,0.06083546578884125,0,0.21272914297878742,2,6,0,0,D S,Napoli,0,0.06083546578884125,1.1734237596392632,1.1734237596392632
1392,Luigi Sepe,4,360,0,0,0,0,0,0,0,0,GK,Salernitana,0,0,0.09591997042298317,0.09591997042298317
1394,Lorenzo Tonelli,11,805,0,0.6524106413125992,0,0.31177137792110443,6,6,4,0,D S,Empoli,0,0.6524106413125992,1.8320065438747406,1.7148200441151857
1395,Vlad Chiriches,23,1857,0,0.1867939243093133,0,0.023186033591628075,6,2,4,0,D S,Sassuolo,0,0.1867939243093133,6.292099788784981,6.253650597296655
1416,Ciprian Tatarusanu,6,540,0,0,0,0,0,0,0,0,GK,AC Milan,0,0,0.07135548442602158,0.07135548442602158
1430,Milan Badelj,24,2050,0,0.3363768123090267,0,1.9153785891830921,11,20,3,0,M,Genoa,0,0.3363768123090267,4.934894412755966,3.015864074230194
1431,Sebastien De Maio,2,180,0,0,0,0.29457780718803406,0,1,0,0,D,Udinese,0,0,0.3877960303798318,0.09321822319179773
1432,Luca Lezzerini,6,499,0,0,0,0,0,0,2,0,GK,Venezia,0,0,0.644793264567852,0.644793264567852
1448,Erick Pulgar,6,345,0,0.07352054677903652,1,0.6662974264472723,3,7,2,0,M S,Fiorentina,0,0.07352054677903652,1.1571902111172676,0.921015739440918
1454,Alex Ferrari,13,874,0,0.015526928007602692,0,0,1,0,1,0,D S,Sampdoria,0,0.015526928007602692,0.5449955929070711,0.5294686648994684
1458,Ibrahima Mbaye,3,70,0,0,0,0,0,0,0,0,D S,Bologna,0,0,0,0
1460,Andrea Consigli,26,2340,0,0,0,0.06208502873778343,0,1,2,0,GK,Sassuolo,0,0,4.4831707356497645,4.421085706911981
1464,Federico Peluso,1,1,0,0,0,0,0,0,0,0,S,Sassuolo,0,0,0,0
1466,Francesco Magnanelli,6,141,0,0,0,0,0,0,1,0,M S,Sassuolo,0,0,1.009016513824463,1.009016513824463
1480,Gianluca Pegolo,1,90,0,0,0,0,0,0,0,0,GK,Sassuolo,0,0,0,0
1485,Andrea Masiello,7,521,0,0.050185125321149826,0,0.029528342187404633,2,1,3,0,D S,Genoa,0,0.050185125321149826,0.7174407923594117,0.7174407923594117
1501,Marco Sportiello,3,270,0,0,0,0,0,0,0,0,GK,Atalanta,0,0,0.15124636888504028,0.15124636888504028
1504,Alberto Grassi,20,1347,0,0.6277084397152066,2,1.1517498707398772,14,8,3,0,M S,Cagliari,0,0.6277084397152066,3.8432631492614746,2.264935227110982
1505,Samir Handanovic,26,2340,0,0,0,0,0,0,1,0,GK,Inter,0,0,4.25793944299221,4.25793944299221
1510,Gary Medel,23,1983,0,0,1,0.3556694546714425,0,2,5,0,D S,Bologna,0,0,3.8429968459531665,3.828718508593738
1511,Marcelo Brozovic,25,2109,0,0.9643945833668113,1,1.850269179791212,25,28,5,0,M,Inter,0,0.9643945833668113,17.158578012138605,15.647769212722778
1515,Cristian Ansaldi,12,467,0,0.1617136001586914,3,2.294584132730961,5,14,0,0,D S,Torino,0,0.1617136001586914,1.852564675733447,1.5164111945778131
1522,Andrea Ranocchia,3,203,0,0.31139853596687317,0,0,1,0,0,0,D S,Inter,0,0.31139853596687317,1.0970153212547302,1.0970153212547302
1539,Diego Perotti,4,81,0,0.25888251699507236,0,0.022058961912989616,4,1,0,0,S,Salernitana,0,0.25888251699507236,0.28910017758607864,0.12993758544325829
1541,Stefan de Vrij,21,1774,0,1.1305307485163212,0,0,14,0,2,0,D S,Inter,0,1.1305307485163212,8.684785902500153,8.629480451345444
1542,Stefan Radu,7,393,0,0.05281120911240578,0,0,2,0,2,0,D S,Lazio,0,0.05281120911240578,1.1194330416619778,1.1000835858285427
1555,Bartlomiej Dragowski,7,556,0,0,0,0,0,0,0,1,GK,Fiorentina,0,0,1.2194162160158157,1.2194162160158157
1569,Valerio Verre,14,450,0,1.1957888985052705,0,0.19362284615635872,13,8,0,0,M S,"Empoli,Sampdoria",0,1.1957888985052705,3.7414612360298634,2.4966400638222694
1576,Giorgio Chiellini,13,936,0,0.02008744329214096,0,0.06678109429776669,1,3,2,0,D S,Juventus,0,0.02008744329214096,1.9025142714381218,1.8820089846849442
1597,Cristian Molinaro,8,549,0,0,1,0.26622360199689865,0,5,0,0,D S,Venezia,0,0,1.067601427435875,0.895210511982441
1599,Norbert Gyömbér,19,1519,0,0.19589053839445114,0,0.016477860510349274,6,1,5,0,D S,Salernitana,0,0.19589053839445114,1.6672774162143469,1.6343230586498976
1601,Riccardo Marchizza,19,1355,0,0.33188899606466293,1,1.643625820055604,8,12,4,0,D S,Empoli,0,0.33188899606466293,3.650464358739555,2.9439477091655135
1605,Diego Farias,4,59,0,0.031611714512109756,0,0,1,0,0,0,S,Cagliari,0,0.031611714512109756,0.0680432878434658,0.03643157333135605
1639,Sebastiano Luperto,15,1182,0,0.4908078322187066,2,0.233764436095953,6,5,5,0,D S,Empoli,0,0.4908078322187066,2.4689416494220495,2.4063016455620527
1642,Simone Zaza,9,93,0,1.1122212260961533,0,0,8,0,1,0,S,Torino,0,1.1122212260961533,1.175453893840313,0.1311267614364624
1748,Lys Mousset,3,72,0,0.028356973081827164,1,0.05189184471964836,1,1,1,0,F S,Salernitana,0,0.028356973081827164,0.1908985860645771,0.16254161298274994
1750,Ainsley Maitland-Niles,6,393,0,0.2500068172812462,0,0.2920833546668291,2,4,0,0,D M S,Roma,0,0.2500068172812462,1.7992007862776518,1.3409891203045845
1763,Stefano Okaka,2,17,0,0.0446489155292511,1,0.3497576117515564,1,1,1,0,S,Udinese,0,0.0446489155292511,0.42321784421801567,0.028811316937208176
1792,Mário Rui,24,2138,0,1.3574573639780283,3,3.185621067881584,24,32,7,0,D,Napoli,0,1.3574573639780283,11.338013514876366,8.188254673033953
1810,Roberto Soriano,24,1962,0,2.236668829806149,3,2.905644252896309,20,36,5,2,M,Bologna,0,2.236668829806149,8.739633284509182,5.00365773588419
1826,Nicola Sansone,20,680,0,0.6949721556156874,3,2.591594025492668,18,11,4,0,F M S,Bologna,0,0.6949721556156874,3.0808094292879105,0.5622981134802103
1892,Alex Meret,4,360,0,0,0,0,0,0,0,0,GK,Napoli,0,0,0.9568789154291153,0.9568789154291153
1896,Riccardo Gagliolo,15,1104,0,0.3534886734560132,1,0.4678160520270467,8,2,2,0,D S,Salernitana,0,0.3534886734560132,2.7531116353347898,2.0739713106304407
1898,Stefano Sabelli,7,352,0,0.16777104139328003,0,0.10651509463787079,3,2,3,0,D S,Genoa,0,0.16777104139328003,0.9534815475344658,0.6791954189538956
1908,Vid Belec,20,1800,0,0,0,0,0,0,0,0,GK,Salernitana,0,0,0.5632894709706306,0.5632894709706306
1926,Boris Radunovic,3,270,0,0,0,0,0,0,0,0,GK,Cagliari,0,0,0.031281232833862305,0.031281232833862305
1927,Berat Gjimshiti,20,1520,0,0.45959045365452766,1,1.4937118366360664,9,6,5,0,D S,Atalanta,0,0.45959045365452766,3.8903429694473743,3.2755728028714657
1997,Andrea Favilli,1,33,0,0,0,0,0,0,0,0,S,Genoa,0,0,0,0
1998,Francesco Cassata,1,5,0,0,0,0,0,0,0,0,S,Genoa,0,0,0,0
2005,Jacopo Dezi,1,14,0,0.011213800869882107,0,0.01822023279964924,1,1,0,0,S,Venezia,0,0.011213800869882107,0.02943403460085392,0
2040,Paolo Ghiglione,13,589,0,0.3559935335069895,1,0.9425592124462128,8,7,3,0,D S,Genoa,0,0.3559935335069895,1.7940589599311352,0.5793924182653427
2252,Borja Mayoral,5,89,0,0.14179390668869019,0,0,1,0,0,0,F S,Roma,0,0.14179390668869019,0.16395828872919083,0.02216438204050064
2264,Diego Godín,11,820,0,0.2729056505486369,1,0.1548978602513671,7,2,3,0,D S,Cagliari,0,0.2729056505486369,0.62296948954463,0.3692263215780258
2303,Samu Castillejo,5,123,0,0.12445154041051865,0,0.18412692099809647,2,2,1,0,M S,AC Milan,0,0.12445154041051865,0.5269023552536964,0.2542949002236128
2371,Cristiano Ronaldo,1,28,0,0.20496894419193268,0,0.03537696972489357,1,1,1,0,S,Juventus,0,0.20496894419193268,0.051310088485479355,0.015933118760585785
2437,Gonzalo Escalante,1,8,0,0,0,0,0,0,0,0,S,Lazio,0,0,0,0
3014,Stefan Strandberg,11,933,0,0.3865061579272151,0,0.4394101947546005,9,2,0,1,D,Salernitana,0,0.3865061579272151,1.641309853643179,1.2730193994939327
3066,Aleksandr Kokorin,5,38,0,0,0,0,0,0,1,0,S,Fiorentina,0,0,0,0
3209,Jean-Daniel Akpa-Akpro,8,302,0,0.16486448049545288,0,0.02579205483198166,2,2,1,0,M S,Lazio,0,0.16486448049545288,0.1309625580906868,0.0765194222331047
3259,Adam Ounas,13,273,0,0.5599103718996048,0,0.7008143961429596,12,11,0,0,M S,Napoli,0,0.5599103718996048,2.004765160381794,1.150461658835411
3291,Adrien Rabiot,22,1438,0,1.0330121330916882,2,1.3837217800319195,20,11,1,0,M S,Juventus,0,1.0330121330916882,4.9961989894509315,3.343380354344845
3301,Salvatore Sirigu,27,2430,0,0,0,0,0,0,0,0,GK,Genoa,0,0,1.071204673498869,1.071204673498869
3334,Lassana Coulibaly,18,1396,0,0.2249764697626233,0,0.09309519175440073,9,5,2,0,M S,Salernitana,0,0.2249764697626233,2.0544889457523823,1.8445998188108206
3356,Adama Soumaoro,18,1367,0,1.0324500724673271,0,0,7,0,5,1,D S,Bologna,0,1.0324500724673271,3.8367351572960615,3.8367351572960615
3429,Tiemoué Bakayoko,13,472,0,0.4939488600939512,0,0.40995585452765226,4,3,3,0,M S,AC Milan,0,0.4939488600939512,2.4602320743724704,1.968287080526352
3544,Jeremie Boga,16,938,0,1.4573291838169098,2,1.2067249733954668,21,11,0,0,M S,"Atalanta,Sassuolo",0,1.4573291838169098,3.766499577090144,1.373240165412426
3550,Koffi Djidji,18,1455,0,0.515868665650487,0,0.06553430948406458,8,3,4,1,D,Torino,0,0.515868665650487,3.6181749030947685,3.447181761264801
3586,Jean-Pierre Nsamé,4,42,0,0,0,0,0,0,0,0,S,Venezia,0,0,0,0
3632,Kevin Malcuit,6,240,0,0.036075346171855927,1,0.40055014193058014,1,2,3,0,D S,Napoli,0,0.036075346171855927,0.7449215222150087,0.30829605646431446
3674,Abdoulaye Touré,8,448,0,0.12363501824438572,0,0.0774196907877922,4,2,1,0,M S,Genoa,0,0.12363501824438572,0.5355322007089853,0.34445828665047884
3737,Mike Maignan,21,1890,0,0,1,0.23241465166211128,0,2,0,0,GK,AC Milan,0,0,2.9961775336414576,2.763762893155217
3785,Kelvin Adou,22,1756,0,1.0896458234637976,1,1.0542437955737114,18,8,5,2,D S,Spezia,0,1.0896458234637976,5.063858324661851,3.267775572836399
3821,Rolando Mandragora,15,924,0,0.66547298617661,2,1.7405742518603802,16,21,5,1,M S,Torino,0,0.66547298617661,4.844816505908966,3.0045805498957634
3927,Alessio Cragno,24,2160,0,0,0,0,0,0,2,0,GK,Cagliari,0,0,0.7881873045116663,0.7881873045116663
3951,Kevin Bonifazi,15,876,0,0.8662737999111414,0,0.36650804430246353,9,3,2,0,D S,Bologna,0,0.8662737999111414,2.2880275808274746,2.1996332108974457
4536,Nani,5,170,0,0.036510925740003586,1,0.44585151970386505,2,3,0,0,F M S,Venezia,0,0.036510925740003586,0.5396190732717514,0.4697662517428398
4699,Simon Kjaer,11,803,0,0.40258312970399857,0,0.37776172161102295,5,2,2,0,D S,AC Milan,0,0.40258312970399857,1.9413578500971198,1.563596143387258
4897,Zinho Vanheusden,14,991,0,0.1878612246364355,0,0.119704470038414,7,1,3,0,D S,Genoa,0,0.1878612246364355,1.3728185761719942,1.3308901293203235
4907,Bartosz Bereszynski,24,1975,0,0.6542009580880404,3,1.3892330275848508,6,15,10,0,D M,Sampdoria,0,0.6542009580880404,3.049872014671564,2.1564206248149276
4912,Paolo Faragò,1,15,0,0.44274187088012695,0,0,2,0,0,0,S,Cagliari,0,0.44274187088012695,0.44274187088012695,0
4920,Matteo Gabbia,6,465,0,0.012990057468414307,0,0.05674639716744423,1,1,3,0,D S,AC Milan,0,0.012990057468414307,0.7778827324509621,0.7211363390088081
4932,Pietro Pellegri,8,150,0,0.13977544382214546,0,0.17693614959716797,3,3,0,0,F S,"AC Milan,Torino",0,0.13977544382214546,0.4982963129878044,0.2300212625414133
4940,Francesco Rossi,1,36,0,0,0,0,0,0,0,0,S,Atalanta,0,0,0,0
4941,Hans Hateboer,9,629,0,1.0223617758601904,0,0.6826859675347805,8,7,1,0,D M S,Atalanta,0,1.0223617758601904,3.9912392795085907,3.3901472594588995
4942,Sofian Kiyine,17,899,0,0.4057796988636255,0,1.5019593127071857,14,15,4,0,F M S,Venezia,0,0.4057796988636255,3.467499613761902,1.964366203173995
4943,Emanuel Vignato,21,523,0,0.27388080582022667,1,1.2379217129200697,5,11,2,0,M S,Bologna,0,0.27388080582022667,2.10500015784055,0.8673654338344932
4952,Filippo Delli Carri,5,330,0,0.18574099242687225,0,0.06588929146528244,4,1,1,0,D S,Salernitana,0,0.18574099242687225,0.16556683462113142,0.08597942721098661
4968,Giorgio Altare,8,562,0,0.845480915158987,0,0,9,0,3,0,D S,Cagliari,0,0.845480915158987,1.8115653675049543,1.7651951313018799
4970,Luca Pellegrini,11,646,0,0.015418068505823612,1,0.9321505762636662,1,9,2,0,D M S,Juventus,0,0.015418068505823612,2.400786656886339,1.6769744232296944
4984,Wladimiro Falcone,8,671,0,0,0,0,0,0,2,0,GK S,Sampdoria,0,0,0.18242505844682455,0.18242505844682455
5025,Alessandro Buongiorno,15,815,0,0.31241599656641483,2,0.591261887922883,4,3,4,0,D S,Torino,0,0.31241599656641483,1.8642883049324155,1.2948711114004254
5103,Martin Hongla,10,331,0,0.029779971577227116,0,0.08417051285505295,2,2,1,0,M S,Verona,0,0.029779971577227116,1.571169295348227,1.4748581945896149
5226,Walace,24,1983,0,0.786047225818038,0,1.9006138853728771,31,23,4,1,M S,Udinese,0,0.786047225818038,5.905646061524749,4.5254301419481635
5246,Diego Demme,14,557,0,0.010721143335103989,0,0.33062767796218395,1,4,4,0,M S,Napoli,0,0.010721143335103989,1.4669759701937437,1.1793959569185972
5509,Hernani,12,550,0,0.1870170310139656,0,0.42013415694236755,5,2,0,0,F M S,Genoa,0,0.1870170310139656,0.540199488401413,0.04177643358707428
5661,Jonathan Ikone,6,192,0,1.1895898953080177,1,0.7765594832599163,5,6,0,0,F S,Fiorentina,0,1.1895898953080177,2.2250815629959106,0.28052832186222076
5699,Dalbert,19,1406,0,1.1297756368294358,1,1.2972542587667704,6,19,8,0,D F M S,Cagliari,0,1.1297756368294358,4.228712346404791,2.341616965830326
5803,Fode Toure,9,434,0,0.27218129858374596,0,0.1317672999575734,2,4,2,0,D S,AC Milan,0,0.27218129858374596,0.7779213413596153,0.6461540348827839
6053,Niki Mäenpää,6,491,0,0,0,0,0,0,1,0,GK S,Venezia,0,0,0.20243675261735916,0.20243675261735916
6108,Rodrigo Bentancur,19,1164,0,0.4962534662336111,2,0.8821830581873655,8,11,1,0,M S,Juventus,0,0.4962534662336111,6.525040922686458,5.512396091595292
6125,Stanislav Lobotka,14,1079,0,0.021809468045830727,0,0.7338376175612211,1,13,1,0,M S,Napoli,0,0.021809468045830727,5.571346540004015,5.000082988291979
6132,Marco Silvestri,23,2070,0,0,0,0.041139716282486916,0,2,1,0,GK,Udinese,0,0,1.6789367441087961,1.6377970278263092
6148,Michaël Cuisance,7,538,0,0.09245236776769161,0,0.3697717562317848,2,5,1,0,M,Venezia,0,0.09245236776769161,1.452121153473854,1.1294784247875214
6159,Gianluca Mancini,24,2096,0,1.82950490526855,0,0.13997123390436172,19,4,11,1,D,Roma,0,1.82950490526855,5.958173289895058,5.875867530703545
6161,Nicolas Haas,16,1010,0,0.5753262722864747,2,0.9834334570914507,7,13,3,0,M S,Empoli,0,0.5753262722864747,3.0378667693585157,2.0251597985625267
6167,Vanja Milinkovic-Savic,25,2250,0,0.07930487394332886,0,0,1,0,3,0,GK,Torino,0,0.07930487394332886,3.777603989467025,3.777603989467025
6169,Giovanni Crociata,1,14,0,0.12483573704957962,0,0,1,0,0,0,S,Empoli,0,0.12483573704957962,0.14327718317508698,0.018441447988152504
6175,Petko Hristov,13,1008,0,0,0,0.10579718556255102,0,2,3,0,D S,Spezia,0,0,2.3438404873013496,2.3299024775624275
6176,Adam Marusic,23,1895,0,0.053492468781769276,1,0.3376656472682953,3,3,4,0,D S,Lazio,0,0.053492468781769276,4.55260896962136,4.201031178236008
6177,Luiz Felipe,24,2122,0,0.3730596713721752,0,0.1546625830233097,5,3,8,1,D,Lazio,0,0.3730596713721752,4.790929598733783,4.6362670082598925
6191,Lorenzo Venuti,12,787,0,0.01730068027973175,0,0.2107243062928319,1,5,1,0,D S,Fiorentina,0,0.01730068027973175,1.9748622309416533,1.8506716322153807
6196,Nicolas Viola,5,85,0,0.01861056312918663,0,0,1,0,0,0,M S,Bologna,0,0.01861056312918663,0.01861056312918663,0
6203,Eddie Salcedo,9,407,0,1.3935230299830437,0,0.183208835311234,14,5,1,0,F M S,Spezia,0,1.3935230299830437,2.31580663472414,0.9830228984355927
6206,Bram Nuytinck,21,1653,0,0.6158246621489525,0,0.27505987975746393,9,2,0,0,D S,Udinese,0,0.6158246621489525,2.8151472341269255,2.549291206523776
6212,Mattia Bani,11,691,0,0.2572372294962406,0,0.03429245576262474,4,1,0,0,D S,Genoa,0,0.2572372294962406,0.24428658746182919,0.24428658746182919
6213,Pawel Jaroszynski,12,485,0,0.062145695090293884,0,0.5457022394984961,2,6,2,0,D S,Salernitana,0,0.062145695090293884,1.008443508297205,0.6393342725932598
6262,Jens Stryger Larsen,11,692,0,0.7249361090362072,1,0.8821039451286197,9,10,0,0,D S,Udinese,0,0.7249361090362072,2.0988861890509725,0.6537568923085928
6296,Abdelhamid Sabiri,3,114,0,0.05512499436736107,0,0.11380761116743088,1,1,0,0,M S,Sampdoria,0,0.05512499436736107,0.39437995478510857,0.22544735297560692
6303,Marvin Zeegelaar,9,407,0,0.06005639210343361,0,0.01227671280503273,1,1,2,0,D S,Udinese,0,0.06005639210343361,0.7320498377084732,0.7320498377084732
6312,Rogerio,18,1468,0,0.36685684602707624,1,1.4202483836561441,13,22,5,0,D S,Sassuolo,0,0.36685684602707624,5.3872229643166065,4.786254055798054
6316,Panagiotis Retsos,4,38,0,0,0,0.03458140045404434,0,1,0,0,D S,Verona,0,0,0.04466250166296959,0.010081100277602673
6324,Marash Kumbulla,11,670,0,0.3698488548398018,0,0.0920515307225287,5,3,4,0,D S,Roma,0,0.3698488548398018,1.2623953856527805,1.2140851095318794
6362,Rick Karsdorp,25,2097,0,0.03905814327299595,1,3.4466516748070717,2,35,6,1,D M S,Roma,0,0.03905814327299595,8.926467381417751,7.120095940306783
6369,Ethan Ampadu,19,1462,0,0.05318942293524742,3,1.3604104742407799,2,13,9,1,D M S,Venezia,0,0.05318942293524742,3.919380689971149,2.750459182076156
6387,Luca Gagliano,2,9,0,0,0,0,0,0,0,0,S,Cagliari,0,0,0,0
6434,Franck Zambo,15,1192,0,1.0313597079366446,0,0.8204292096197605,16,14,4,0,M S,Napoli,0,1.0313597079366446,4.995820228010416,4.077907271683216
6443,Ben Kone,1,83,0,0,0,0.11775068938732147,0,2,0,0,S,Torino,0,0,0.4153265655040741,0.3341316282749176
6464,Adrien Silva,17,1082,0,0.26974930241703987,1,0.3292639721184969,8,8,3,1,M S,Sampdoria,0,0.26974930241703987,5.165899954736233,4.802823058329523
6517,Charalampos Lykogiannis,23,1458,0,0.7217343533411622,0,0.9053170047700405,16,10,1,0,D M S,Cagliari,0,0.7217343533411622,2.850206554867327,2.546295960433781
6551,Damir Ceter,1,4,0,0,0,0,0,0,0,0,S,Cagliari,0,0,0,0
6704,Kingsley Michael,2,81,0,0.010726159438490868,0,0,1,0,0,0,M S,Bologna,0,0.010726159438490868,0.1095143985003233,0.09878824464976788
6806,Rodrigo Becão,23,2057,0,0.3625002494081855,1,0.6214554663747549,12,6,7,0,D,Udinese,0,0.3625002494081855,3.0613204622641206,2.8597689354792237
6849,Rui Patrício,27,2430,0,0,0,0,0,0,1,0,GK,Roma,0,0,3.275400234386325,3.275400234386325
6902,Toma Basic,19,709,0,1.3546115327626467,2,0.8826137781143188,9,2,3,0,M S,Lazio,0,1.3546115327626467,3.1364584397524595,1.3958511911332607
6942,Arthur,13,528,0,0.03650776669383049,0,0.0912708849646151,1,4,2,0,M S,Juventus,0,0.03650776669383049,2.478938049636781,2.3511593844741583
6971,Mitchell Dijks,8,279,0,0.06567213870584965,0,0.16668145637959242,2,3,1,0,D M S,Bologna,0,0.06567213870584965,0.808908830396831,0.5765552241355181
6977,Pietro Terracciano,20,1781,0,0,0,0,0,0,0,0,GK S,Fiorentina,0,0,5.1221623327583075,5.1221623327583075
6982,Ivan Provedel,20,1800,0,0.006714925169944763,0,0,1,0,2,0,GK,Spezia,0,0.006714925169944763,2.787684118375182,2.7809691932052374
6985,Samuel Mráz,2,47,0,0.01276230439543724,0,0,1,0,0,0,S,Spezia,0,0.01276230439543724,0.01276230439543724,0
7002,Giangiacomo Magnani,17,742,0,0.42048434168100357,0,0,5,0,3,1,D S,"Sampdoria,Verona",0,0.42048434168100357,2.0185066144913435,2.0185066144913435
7014,Arkadiusz Reca,16,1152,0,0.5004614386707544,2,2.026770880445838,7,9,3,0,D S,Spezia,0,0.5004614386707544,4.656295076012611,2.546157855540514
7092,Koray Günter,20,1733,0,0.16495522111654282,0,0.7994435131549835,4,7,6,0,D,Verona,0,0.16495522111654282,4.770464935339987,4.6251010382547975
7095,Juan Musso,23,2032,0,0,0,0,0,0,1,1,GK,Atalanta,0,0,1.2491305451840162,1.2491305451840162
7096,Omar Colley,22,1852,0,1.181524595245719,0,0,10,0,5,0,D S,Sampdoria,0,1.181524595245719,2.51511028688401,2.009802701883018
7097,Ronaldo Vieira,5,74,0,0,0,0,0,0,0,0,S,Sampdoria,0,0,0.1265360563993454,0.1265360563993454
7136,Arnór Sigurdsson,7,156,0,0.10580885410308838,0,0.025975972414016724,1,1,0,0,S,Venezia,0,0.10580885410308838,0.20702440291643143,0.07523957174271345
7324,Luca Gemello,1,90,0,0,0,0,0,0,0,0,GK,Torino,0,0,0,0
7387,Dimitris Nikolaou,25,2250,0,0.02712139207869768,0,0.15045052766799927,2,2,5,0,D,Spezia,0,0.02712139207869768,6.036384208127856,5.944920917972922
7411,Nicolo Rovella,19,1423,0,0.54448804538697,3,3.0089904591441154,16,29,4,0,M S,Genoa,0,0.54448804538697,3.2104515358805656,2.0142641561105847
7417,Christian Oliva,4,42,0,0,0,0,0,0,0,0,S,Cagliari,0,0,0,0
7507,Gianluca Gaetano,2,17,0,0,0,0,0,0,0,0,S,Napoli,0,0,0,0
7516,Nehuén Pérez,10,832,0,0.20845262799412012,1,0.5419826917350292,4,4,4,0,D S,Udinese,0,0.20845262799412012,1.635709285736084,1.2285351753234863
7609,Carles Pérez,12,304,0,0.7710949466563761,1,1.0814632400870323,14,11,2,0,M S,Roma,0,0.7710949466563761,2.534566003829241,1.0022824360057712
7625,Manolo Portanova,14,738,0,1.5592249315232038,0,0.28270171396434307,14,6,4,0,M S,Genoa,0,1.5592249315232038,1.7173039000481367,0.24219055473804474
7911,Aleksa Terzic,9,190,0,0,1,0.5602706633508205,0,4,1,0,D S,Fiorentina,0,0,0.7319734506309032,0.17170277051627636
7923,Pawel Dawidowicz,15,1183,0,0.5892601124942303,0,0.22367273271083832,6,6,3,0,D S,Verona,0,0.5892601124942303,3.2769633010029793,3.209863346070051
7931,Takehiro Tomiyasu,1,6,0,0,0,0.0820988193154335,0,1,0,0,S,Bologna,0,0,0.0820988193154335,0.0820988193154335
7933,Jerdy Schouten,6,451,0,0.04726571589708328,1,0.1974159050732851,2,5,1,1,M S,Bologna,0,0.04726571589708328,2.2997770085930824,2.093963585793972
7934,Andreas Skov Olsen,18,732,0,1.2890325635671616,2,0.2816924937069416,7,8,0,0,D M S,Bologna,0,1.2890325635671616,3.4357362892478704,2.2166200913488865
7937,Julian Chabot,11,477,0,0.046056659892201424,0,0,3,0,5,0,D S,Sampdoria,0,0.046056659892201424,0.28686187230050564,0.28686187230050564
7940,Denis Vavro,1,5,0,0,0,0,0,0,0,0,S,Lazio,0,0,0.03739733621478081,0.03739733621478081
7941,André Anderson,4,56,0,0.1357075423002243,0,0,1,0,1,0,S,Lazio,0,0.1357075423002243,0.1357075423002243,0
7943,Igor Julio,18,1193,0,0.09356269240379333,0,0.10988906770944595,2,3,2,0,D S,Fiorentina,0,0.09356269240379333,5.508446924388409,5.406516186892986
7950,Mert Müldür,21,1184,0,0.407294325530529,1,0.19789531268179417,4,4,4,0,D M S,Sassuolo,0,0.407294325530529,4.41491062939167,3.851021091453731
7953,Nahitan Nández,17,1343,0,0.7853118618950248,2,2.3589976094663143,15,18,3,0,M,Cagliari,0,0.7853118618950248,4.811275113373995,2.3530449271202087
7993,Ernesto Torregrossa,10,99,0,0,0,0.06963029131293297,0,2,1,0,S,Sampdoria,0,0,0.18593094125390053,0.13626182451844215
8007,Yildirim Mert Cetin,2,42,0,0,0,0,0,0,0,0,S,Verona,0,0,0,0
8030,Sebastian Walukiewicz,5,284,0,0.5875319838523865,0,0.018917078152298927,1,1,1,0,D S,Cagliari,0,0.5875319838523865,0.05663125868886709,0.05663125868886709
8034,Georgios Kyriakopoulos,20,1238,0,0.9159099403768778,3,2.2499716598540545,21,20,3,0,D M S,Sassuolo,0,0.9159099403768778,5.241913810372353,4.095541751012206
8035,Samuel Di Carmine,1,31,0,0.018341951072216034,0,0,1,0,1,0,S,Verona,0,0.018341951072216034,0,0
8037,Marley Aké,1,3,0,0,0,0,0,0,0,0,S,Juventus,0,0,0,0
8129,Riccardo Calafiori,9,251,0,0.05354848504066467,1,0.6805026531219482,1,1,3,0,D S,"Genoa,Roma",0,0.05354848504066467,1.0381584167480469,0.9846099317073822
8130,Ebrima Darboe,1,65,0,0.0630451887845993,0,0,1,0,0,0,M,Roma,0,0.0630451887845993,0.11433609575033188,0.05129091441631317
8154,Edoardo Vergani,5,79,0,0,0,0,0,0,0,0,M S,Salernitana,0,0,0.08228891342878342,0.08228891342878342
8161,Ebrima Colley,11,388,0,0.7421106658875942,0,1.7311768401414156,12,5,1,0,F M S,Spezia,0,0.7421106658875942,3.4478341415524483,1.025139044970274
8232,Andrea Carboni,22,1768,0,0.4408691078424454,0,0.028917500749230385,7,2,5,0,D S,Cagliari,0,0.4408691078424454,3.211968527175486,3.117911380715668
8252,Nicolás Domínguez,21,1718,0,0.6335789244621992,3,1.452884309925139,14,21,6,0,M S,Bologna,0,0.6335789244621992,6.220876041799784,5.417916191741824
8309,Kristoffer Askildsen,17,723,0,0.3338437667116523,0,0.1275325007736683,8,2,5,0,M S,Sampdoria,0,0.3338437667116523,1.4599409587681293,1.1992987990379333
8313,Pierre Kalulu Kyatengwa,17,946,0,0.38611380755901337,1,0.48948531597852707,4,4,2,0,D S,AC Milan,0,0.38611380755901337,3.8682287260890007,3.119478203356266
8380,Pablo Marí,4,360,0,0,0,0,0,0,0,0,D,Udinese,0,0,0.24276068806648254,0.24276068806648254
8429,Luka Romero,2,11,0,0.014615326188504696,0,0.061856549233198166,1,1,0,0,S,Lazio,0,0.014615326188504696,0.11185538023710251,0.09724005311727524
8475,Bosko Sutalo,13,492,0,0.07719577383249998,0,0.06910325586795807,3,1,0,0,D S,Verona,0,0.07719577383249998,0.7842478295788169,0.7004313580691814
8522,Matteo Lovato,13,822,0,0.08484878018498421,1,0.1370132677257061,3,2,3,0,D S,"Atalanta,Cagliari",0,0.08484878018498421,2.5606187731027603,2.4236054942011833
8584,Raul Moro,11,175,0,0.20327313244342804,1,0.2323825415223837,2,6,0,0,F S,Lazio,0,0.20327313244342804,0.5396678717806935,0.32154263835400343
8639,Brandon Soppy,19,561,0,0.35403255745768547,0,0.18638399243354797,5,5,4,0,D M S,Udinese,0,0.35403255745768547,0.8790485477074981,0.44062140118330717
8819,Mergim Vojvoda,19,1232,0,0.8186393808573484,2,1.9474807791411877,13,11,1,0,D S,Torino,0,0.8186393808573484,6.5075195617973804,3.7900080857798457
8829,Nicolò Casale,25,1755,0,0.4708476886153221,1,0.932662483304739,8,9,5,0,D S,Verona,0,0.4708476886153221,4.433225180953741,3.543915845453739
8830,Ivor Pandur,3,270,0,0,0,0,0,0,0,0,GK,Verona,0,0,0.1775510311126709,0.1775510311126709
8856,Razvan Marin,26,2156,0,1.1181469447910786,3,4.071453113108873,26,51,3,1,M S,Cagliari,0,1.1181469447910786,8.512622779235244,6.042428018525243
8857,Gabriele Zappa,20,990,0,0.2617540303617716,0,0.5614700689911842,5,6,1,1,D M S,Cagliari,0,0.2617540303617716,2.377619469538331,2.010879968293011
8858,Guglielmo Vicario,27,2430,0,0,0,0.011970339342951775,0,1,0,0,GK,Empoli,0,0,4.400522850453854,4.388552509248257
8859,Mikkel Damsgaard,7,517,0,0.43662914261221886,0,0.44712554197758436,11,9,1,0,M S,Sampdoria,0,0.43662914261221886,2.2192302644252777,1.6756895333528519
8870,Sam Lammers,2,34,0,0,0,0,0,0,0,0,S,Atalanta,0,0,0.05857936292886734,0.05857936292886734
8872,Matteo Ruggeri,4,252,0,0.01229463703930378,0,0.034136321395635605,1,1,0,0,D S,Salernitana,0,0.01229463703930378,0.19070884957909584,0.15657252818346024
8881,Lorenzo Montipò,24,2160,0,0,0,0,0,0,1,0,GK,Verona,0,0,0.8470274610444903,0.8470274610444903
8908,Jeroen Zoet,7,630,0,0,0,0,0,0,0,0,GK,Spezia,0,0,0.12392739579081535,0.12392739579081535
8914,Salvador Ferrer,19,1096,0,0.12932804878801107,0,0.33634371776133776,4,10,3,0,D M S,Spezia,0,0.12932804878801107,3.9717839350923896,3.5214077290147543
8915,Luca Vignali,2,87,0,0,0,0,0,0,0,0,D S,Spezia,0,0,0.06694651767611504,0.06694651767611504
8944,Giulio Maggiore,25,2009,0,3.0497769489884377,2,1.9884846461936831,32,25,6,0,M S,Spezia,0,3.0497769489884377,8.21426048129797,4.277765503153205
9001,Martín Satriano,4,30,0,0,0,0.03613342344760895,0,1,0,0,S,Inter,0,0,0,0
9002,Vedat Muriqi,11,186,0,0.8075096569955349,0,0,4,0,1,0,F S,Lazio,0,0.8075096569955349,0.8750352095812559,0.06752554886043072
9036,Nicola Zalewski,5,139,0,0,0,0.02889722678810358,0,2,0,0,D S,Roma,0,0,0.14435668289661407,0.13199585676193237
9071,Matteo Cancellieri,8,149,0,0.0907509233802557,0,0.049092953093349934,2,2,0,0,M S,Verona,0,0.0907509233802557,0.13984387926757336,0
9090,Ardian Ismajli,16,1078,0,0.20986493024975061,0,0.03833361901342869,5,2,5,0,D S,Empoli,0,0.20986493024975061,3.879760105162859,3.828269273042679
9096,Suf Podgoreanu,5,102,0,0.03538389503955841,1,0.03227538615465164,1,1,0,0,M S,Spezia,0,0.03538389503955841,0.5508766323328018,0.48321735113859177
9105,Radu Dragusin,17,967,0,0.12821206636726856,0,0.16051653400063515,3,4,2,0,D S,"Salernitana,Sampdoria",0,0.12821206636726856,0.8548893388360739,0.77917305752635
9107,Giorgio Scalvini,8,164,0,0.06468719989061356,0,0.10963638871908188,1,2,0,0,M S,Atalanta,0,0.06468719989061356,0.27359106577932835,0.09926747716963291
9226,Mihai Valentin Mihaila,2,24,0,0,0,0,0,0,0,0,S,Atalanta,0,0,0.04293109476566315,0.04293109476566315
9329,Riccardo Ciervo,10,213,0,0.0729760006070137,0,0.15958396904170513,3,3,0,0,M S,Sampdoria,0,0.0729760006070137,0.3073363285511732,0.07477636262774467
9410,Ebenezer Annan,1,23,0,0,0,0,0,0,0,0,S,Bologna,0,0,0,0
9419,Bryan Reynolds,1,1,0,0,0,0,0,0,0,0,S,Roma,0,0,0,0
9425,Emil Bohinen,2,22,0,0,0,0,0,0,0,0,S,Salernitana,0,0,0,0
9440,Luca Stanga,1,2,0,0,0,0,0,0,0,0,S,AC Milan,0,0,0,0
9486,Luigi Samele,1,1,0,0,0,0,0,0,0,0,S,Sassuolo,0,0,0,0
9550,Yayah Kallon,14,613,0,1.2289274744689465,1,1.187868231907487,11,11,3,0,F M S,Genoa,0,1.2289274744689465,2.2930735647678375,0.7397113107144833
9842,Laurens Serpe,1,41,0,0,0,0,0,0,0,0,S,Genoa,0,0,0.1671794354915619,0.1671794354915619
9844,Aleksander Buksa,4,57,0,0,0,0,0,0,0,0,S,Genoa,0,0,0,0
9848,Magnus Warming,4,50,0,0,0,0,0,0,0,0,S,Torino,0,0,0.13779133185744286,0.13779133185744286
9854,Kristjan Asllani,12,444,0,0.11854271404445171,0,0.14516330044716597,6,3,2,0,M S,Empoli,0,0.11854271404445171,0.6931133288890123,0.5752899218350649
9855,Mattia Viti,14,1007,0,0.0614142119884491,0,0.0627448819577694,1,2,0,1,D S,Empoli,0,0.0614142119884491,1.4070341046899557,1.3538173492997885
9862,Sydney van Hooijdonk,4,32,0,0,0,0,0,0,0,0,S,Bologna,0,0,0.07931992411613464,0.07931992411613464
9863,Wajdi Kechrida,17,950,0,0.2648331969976425,1,0.5940732788294554,6,13,0,0,D M S,Salernitana,0,0.2648331969976425,1.3393121249973774,0.8538908921182156
9864,Luka Bogdan,6,393,0,0.024909241124987602,0,0,2,0,0,0,D S,Salernitana,0,0.024909241124987602,0.06125863455235958,0.06125863455235958
9867,Ramzi Aya,2,137,0,0.019746750593185425,0,0,1,0,1,0,D,Salernitana,0,0.019746750593185425,0.14635330438613892,0.1266065537929535
9868,Julian Kristoffersen,1,5,0,0.034136321395635605,0,0,1,0,0,0,S,Salernitana,0,0.034136321395635605,0.034136321395635605,0.034136321395635605
9872,Kaio Jorge,9,111,0,0.5311884731054306,0,0.5475999489426613,5,2,0,0,S,Juventus,0,0.5311884731054306,1.014725737273693,0.09522753953933716
9876,Alessandro Zanoli,5,21,0,0,0,0,0,0,0,0,S,Napoli,0,0,0.07728803902864456,0.07728803902864456
9877,Tyronne Ebuehi,14,859,0,0.2903446778655052,0,0.17831918969750404,5,3,1,1,D S,Venezia,0,0.2903446778655052,1.848723616451025,1.4909294545650482
9879,Daan Heymans,7,250,0,0.05498778633773327,1,0.1447866284288466,3,3,4,0,M S,Venezia,0,0.05498778633773327,0.6882788562215865,0.6206429526209831
9880,Dor Peretz,11,332,0,0.7338576689362526,0,0.0591023825109005,3,1,0,0,M S,Venezia,0,0.7338576689362526,0.8170769438147545,0.757974561303854
9881,Luca Fiordilino,7,230,0,0,0,0.07804440148174763,0,3,1,0,M S,Venezia,0,0,0.28665919229388237,0.27369166538119316
9882,Dennis Johnsen,19,1158,0,1.1504415273666382,2,2.6803953032940626,12,21,2,0,F M S,Venezia,0,1.1504415273666382,4.676863498985767,0.9808225892484188
9884,Francesco Di Mariano,1,65,0,0,0,0.018081603571772575,0,1,0,0,F,Venezia,0,0,0.04679890722036362,0.02871730364859104
9885,Tanner Tessmann,17,570,0,0.5620833104476333,0,0.154755474999547,8,3,1,1,M S,Venezia,0,0.5620833104476333,0.894337696954608,0.5107017457485199
9886,Nicolas Galazzi,1,14,0,0,0,0,0,0,0,0,S,Venezia,0,0,0.01822023279964924,0.01822023279964924
9887,Michael Svoboda,12,769,0,0.2224423587322235,0,0,2,0,0,1,D S,Venezia,0,0.2224423587322235,1.8588961772620678,1.8588961772620678
9888,David Schnegg,4,145,0,0,0,0.00853701215237379,0,1,1,0,D S,Venezia,0,0,0.09304589405655861,0.09304589405655861
9889,Bjarki Steinn Bjarkason,1,2,0,0,0,0,0,0,0,0,S,Venezia,0,0,0,0
9892,Matias Viña,21,1504,0,0.6155594307929277,1,1.2115511111915112,11,11,2,0,D M S,Roma,0,0.6155594307929277,4.9434726890176535,3.3292381344363093
9902,Pasquale Mazzocchi,22,1601,0,0.30105115193873644,1,1.7046743938699365,7,10,4,0,D S,"Salernitana,Venezia",0,0.30105115193873644,3.0411080168560147,1.3768878318369389
9906,Antonio Vacca,15,781,0,0.01391178835183382,1,0.0644940510392189,1,3,3,0,M S,Venezia,0,0.01391178835183382,2.6278863437473774,2.5950007624924183
9907,Marco Modolo,4,208,0,0.04027450457215309,0,0,1,0,2,0,D S,Venezia,0,0.04027450457215309,0.2358761839568615,0.2358761839568615
9921,Luis Binks,11,497,0,0.018024949356913567,0,0.012972886674106121,1,1,3,0,D S,Bologna,0,0.018024949356913567,0.7792752906680107,0.761250339448452
9924,Fabiano Parisi,15,823,0,0.41139942966401577,1,0.3476215647533536,11,8,4,0,D S,Empoli,0,0.41139942966401577,3.121407880447805,2.639037562534213
9936,Matheus Henrique,14,389,0,0.12810997664928436,1,0.5050637722015381,3,3,1,0,M S,Sassuolo,0,0.12810997664928436,1.6147798746824265,0.9957308880984783
9939,Francesco Di Tacchio,18,1262,0,0.4259694442152977,0,0.1553551722317934,14,4,3,0,M S,Salernitana,0,0.4259694442152977,1.148084543645382,0.7957512103021145
9965,Matìas Soulè Malvano,2,2,0,0.07796598225831985,0,0,2,0,0,0,S,Juventus,0,0.07796598225831985,0.013689307495951653,0
9982,David Zima,14,838,0,0.5990723669528961,1,0.871034411713481,5,5,2,0,D S,Torino,0,0.5990723669528961,3.4590161107480526,2.2596484757959843
9996,Abdou Harroui,18,379,0,0.4532419228926301,0,0.21037566475570202,11,5,1,0,M S,Sassuolo,0,0.4532419228926301,1.7744989218190312,1.2766143716871738
10012,Jakub Kiwior,12,1064,0,0.06529003102332354,0,0.11904362216591835,3,4,5,0,D M S,Spezia,0,0.06529003102332354,1.7877312651835382,1.6946271895430982
10034,Pablo Galdames,9,359,0,0.1305331103503704,0,0.3712652400135994,5,3,0,0,M S,Genoa,0,0.1305331103503704,1.2379244025796652,0.8498999644070864
10042,Aimar Sher,1,41,0,0,0,0,0,0,0,0,S,Spezia,0,0,0.04764694720506668,0.04764694720506668
10059,Gerard Yepes,3,11,0,0,0,0,0,0,0,0,S,Sampdoria,0,0,0.06725022196769714,0.06725022196769714
10073,Adam Obert,5,268,0,0,0,0,0,0,0,0,D S,Cagliari,0,0,0.031281232833862305,0.031281232833862305
10088,Niklas Pyyhtia,1,17,0,0,0,0,0,0,0,0,S,Bologna,0,0,0,0
10110,Aurélien Nguiamba,2,25,0,0,0,0,0,0,1,0,S,Spezia,0,0,0.056706931442022324,0.056706931442022324
10123,Filippo Distefano,1,1,0,0,0,0,0,0,0,0,S,Fiorentina,0,0,0,0
10139,Mattia Zanotti,1,7,0,0,0,0.12359225749969482,0,1,0,0,S,Inter,0,0,0.12359225749969482,0.12359225749969482
10169,Diego Coppola,2,97,0,0,0,0,0,0,0,0,D S,Verona,0,0,0.018576370552182198,0.018576370552182198
10232,Ruan,4,52,0,0,0,0.08582965284585953,0,1,0,0,S,Sassuolo,0,0,0.26589979976415634,0.18007014691829681
10236,Silvan Hefti,8,649,0,0.13561882078647614,0,0.08013978973031044,4,2,0,0,D S,Genoa,0,0.13561882078647614,2.433740831911564,2.308994635939598
10237,Leo Østigard,5,337,0,0.014208064414560795,0,0,1,0,1,1,D S,Genoa,0,0.014208064414560795,1.0310070682317019,1.0167990010231733
10268,Giorgio Cittadini,2,2,0,0,0,0,0,0,0,0,S,Atalanta,0,0,0,0
10278,Alessandro Russo,1,25,0,0,0,0,0,0,0,0,S,Salernitana,0,0,0,0
10279,Andrei Motoc,1,90,0,0.01893979124724865,0,0,1,0,0,0,D,Salernitana,0,0.01893979124724865,0,0
10281,Mario Perrone,1,12,0,0,0,0,0,0,0,0,S,Salernitana,0,0,0.05107849836349487,0.05107849836349487
10313,Dimitrios Keramitsis,1,1,0,0,0,0,0,0,0,0,S,Roma,0,0,0,0
10318,Kelvin Yeboah,6,376,0,1.4351141080260277,0,0.8483942095190287,6,6,0,0,F M S,Genoa,0,1.4351141080260277,2.642107905820012,1.085913758724928
10329,Maximilian Ullmann,2,103,0,0,0,0,0,0,0,0,D S,Venezia,0,0,0.09608709067106247,0.09608709067106247
10335,Alasanne Sidibe,1,5,0,0,0,0,0,0,0,0,S,Atalanta,0,0,0,0
10336,Tommaso De Nipoti,1,5,0,0,0,0,0,0,0,0,S,Atalanta,0,0,0,0
10339,Christos Kourfalidis,2,16,0,0.3418193757534027,0,0,1,0,0,0,S,Cagliari,0,0.3418193757534027,0.4038366973400116,0.062017302960157394
10366,Albert Gudmundsson,3,193,0,0.5178391486406326,0,0.013123946264386177,2,1,0,0,M S,Genoa,0,0.5178391486406326,1.274228796362877,0.7563896328210831
10378,Jovane Cabral,1,68,0,0.600673258304596,0,0,3,0,0,0,S,Lazio,0,0.600673258304596,0.5503457188606262,0
10383,Michel Aebischer,3,34,0,0,0,0.07446610927581787,0,1,0,0,S,Bologna,0,0,0.16654260456562042,0.09207649528980255
10384,Denso Kasius,2,64,0,0.10086984187364578,0,0.7928978726267815,2,5,0,0,S,Bologna,0,0.10086984187364578,0.9002787619829178,0.128703024238348
10385,Liberato Cacace,3,104,0,0,0,0,0,0,1,0,D S,Empoli,0,0,0.5552181825041771,0.5552181825041771
10392,Vladyslav Supryaha,1,28,0,0,0,0,0,0,0,0,S,Sampdoria,0,0,0,0
10393,Emil Ceïde,2,5,0,0,0,0,0,0,0,0,S,Sassuolo,0,0,0.08400434255599976,0.08400434255599976
10396,Demba Seck,1,3,0,0,0,0,0,0,0,0,S,Torino,0,0,0,0
10398,Mateusz Praszelik,2,22,0,0.014816232025623322,0,0,1,0,0,0,S,Verona,0,0.014816232025623322,0.014816232025623322,0
10403,Mikael,3,20,0,0,0,0,0,0,0,0,S,Salernitana,0,0,0.026453861966729164,0.026453861966729164
10404,Éderson,3,231,0,0.04800521954894066,0,0,1,0,1,0,M S,Salernitana,0,0.04800521954894066,0.27624210715293884,0.22823689877986908