Squad,# Pl,Poss,90s,Touches,Def Pen,Def 3rd,Mid 3rd,Att 3rd,Att Pen,Live,Succ,Att,Succ%,#Pl,Megs,Carries,TotDist,PrgDist,Prog,1/3,CPA,Mis,Dis,Targ,Rec,Rec%,Prog
Atalanta,31,54.5,26.0,17533,1417,4890,8438,5270,827,16322,210,407,51.6,230,20,11531,58178,29347,1311,384,155,363,324,13520,11773,87.1,1059
Bologna,30,50.4,26.0,15391,1774,5198,7420,3718,501,14158,215,382,56.3,243,17,9654,49740,25241,980,307,71,326,207,11870,10154,85.5,759
Cagliari,32,43.3,27.0,14076,1927,5258,6500,3085,461,12766,170,300,56.7,185,14,8062,42848,21829,811,254,58,325,221,10229,8311,81.2,624
Empoli,27,48.3,27.0,15303,2035,5234,6793,4344,716,13928,184,370,49.7,204,16,9510,55616,30916,1156,367,105,293,319,11424,9556,83.6,960
Fiorentina,28,57.1,26.0,16918,1900,6004,7981,4102,694,15703,186,342,54.4,204,22,11446,61297,32263,1186,414,142,331,274,13689,11972,87.5,881
Genoa,38,43.6,27.0,14589,2017,5535,6698,3145,501,13297,208,404,51.5,232,25,8229,41057,21362,813,248,95,361,319,10212,8306,81.3,680
Hellas Verona,28,51.1,27.0,15956,1676,4927,7541,4442,723,14715,217,399,54.4,238,28,9552,50925,27238,1086,384,132,384,348,11624,9688,83.3,989
Inter,26,57.0,27.0,17840,1964,5825,8265,4932,855,16766,158,294,53.7,174,16,12025,63103,32826,1210,408,116,274,248,14335,12838,89.6,1042
Juventus,29,52.7,27.0,17449,1936,5856,8604,4067,709,16304,214,384,55.7,242,23,11394,55628,28702,1103,350,139,338,324,13585,11947,87.9,920
Lazio,26,54.4,27.0,19105,1964,6212,9673,4390,614,17976,225,428,52.6,243,20,13146,63069,33662,1253,437,119,312,257,15540,14007,90.1,863
Milan,28,55.3,27.0,17211,1695,5326,8450,4612,721,16050,321,534,60.1,348,28,11455,61551,33623,1282,420,126,350,270,13496,11736,87.0,971
Napoli,26,59.3,27.0,19555,1691,5618,9681,5493,789,18362,217,372,58.3,228,11,13313,67932,37243,1581,468,193,266,270,16094,14592,90.7,993
Roma,28,51.7,27.0,16478,1596,5263,8041,4254,779,15206,208,438,47.5,238,20,10457,55685,30302,1205,385,119,351,255,12608,11001,87.3,968
Salernitana,42,39.9,27.0,12299,1663,4297,5632,3101,508,11073,183,327,56.0,195,20,6882,36558,19171,722,253,67,321,269,8745,6995,80.0,629
Sampdoria,31,45.0,27.0,14684,2070,5491,6600,3364,496,13431,157,283,55.5,173,12,8648,43018,21622,785,259,65,275,249,10737,8809,82.0,819
Sassuolo,27,55.7,27.0,17579,2153,6245,8456,4041,635,16275,235,449,52.3,266,26,11784,62666,34466,1312,412,147,397,289,13724,12187,88.8,955
Spezia,28,44.0,27.0,14458,2124,5741,6461,3143,466,13208,194,358,54.2,207,19,8656,45973,23056,832,286,95,358,335,10388,8724,84.0,649
Torino,30,54.0,26.0,15417,1446,4359,7450,4562,639,14270,191,349,54.7,209,9,9499,50436,25918,1076,372,125,379,249,11515,9667,84.0,753
Udinese,26,41.4,26.0,13003,1733,4714,5837,3270,567,11826,231,445,51.9,262,18,7781,42306,23907,936,302,107,343,294,9503,7738,81.4,568
Venezia,35,41.6,26.0,13713,2279,5977,5810,2797,388,12549,210,386,54.4,232,17,8095,43936,24312,785,269,77,291,317,9877,8085,81.9,583
Atalanta,30,54.9,38.0,26478,1943,6889,12811,8433,1304,24879,422,712,59.3,448,31,18202,94212,48906,2258,682,233,523,529,21126,18159,86.0,1936
Benevento,29,42.3,38.0,19432,2586,7411,8796,4407,776,17591,230,406,56.7,251,18,11277,62711,33333,1156,363,101,413,350,14392,11710,81.4,1050
Bologna,37,50.9,38.0,22952,2934,7788,10696,5924,868,21155,374,648,57.7,410,19,14216,78654,41287,1552,506,166,439,435,17599,14811,84.2,1340
Cagliari,32,44.6,38.0,21080,2587,7322,9905,5277,773,19234,342,554,61.7,365,20,12760,71464,39423,1415,508,101,417,421,16042,13161,82.0,1108
Crotone,31,46.4,38.0,21409,3149,8546,9861,4283,648,19661,358,605,59.2,383,22,13304,68865,36658,1248,389,104,498,447,16272,13666,84.0,1109
Fiorentina,30,46.2,38.0,21197,2300,6428,10437,5657,737,19347,321,541,59.3,342,22,13554,72472,38371,1507,474,119,420,536,16122,13589,84.3,1156
Genoa,34,44.7,38.0,22140,2851,8120,10620,4603,618,20406,276,522,52.9,292,20,13617,65965,34845,1279,391,103,483,384,16889,14015,83.0,1010
Hellas Verona,32,49.8,38.0,22053,2381,6880,10789,5670,829,20228,315,524,60.1,347,24,13052,68876,37238,1454,498,130,448,412,16539,13339,80.7,1321
Inter,25,52.4,38.0,25449,2673,8240,11969,6860,1122,23883,261,446,58.5,279,18,17109,88968,49936,1926,544,193,460,353,20894,18514,88.6,1557
Juventus,30,57.1,38.0,27094,2816,8480,13443,6945,1189,25535,412,629,65.5,428,27,18577,98436,53812,2085,625,263,425,418,22414,19971,89.1,1575
Lazio,30,53.1,38.0,24943,2784,8266,11852,6576,988,23350,317,546,58.1,349,22,16236,94929,52733,1904,622,146,476,408,19826,17098,86.2,1490
Milan,29,51.9,38.0,23883,2621,7876,11304,6269,1030,22240,430,666,64.6,450,19,15342,85592,47450,1748,553,176,469,381,18711,16046,85.8,1343
Napoli,25,55.2,38.0,26110,2488,7995,12846,6955,1089,24357,360,589,61.1,380,36,17699,92736,50918,2107,579,246,375,341,21413,18947,88.5,1439
Parma,42,47.7,38.0,22540,3003,8485,10825,4666,715,20819,353,559,63.1,380,27,13609,74056,40680,1401,394,111,456,385,17608,14930,84.8,1211
Roma,31,52.5,38.0,24293,2478,7615,12352,6029,984,22680,382,642,59.5,415,27,16574,94357,51344,2044,610,222,394,336,19637,17066,86.9,1394
Sampdoria,27,45.1,38.0,21871,2724,7681,10003,5437,776,20033,271,470,57.7,291,19,12922,66533,35516,1305,417,116,461,354,16759,13561,80.9,1228
Sassuolo,28,60.8,38.0,27927,3004,8672,14168,6909,984,26274,405,684,59.2,434,39,19491,99219,55709,2095,598,171,416,437,22987,20547,89.4,1439
Spezia,35,52.2,38.0,23486,2668,7986,11457,5514,822,21701,286,460,62.2,312,14,14741,81281,41766,1567,456,165,498,386,18564,15637,84.2,1161
Torino,29,47.2,38.0,21426,2548,7577,10211,5038,733,19574,372,641,58.0,394,15,13558,71850,38333,1370,465,94,433,384,16218,13471,83.1,980
Udinese,33,46.1,38.0,21669,2498,7499,9970,5640,839,19994,382,593,64.4,408,23,14200,75833,41725,1576,504,119,453,451,16754,14149,84.5,1184
Atalanta,30,57.8,38.0,26354,2038,7049,12943,8151,1267,24556,411,700,58.7,441,32,18047,97999,51961,2404,758,230,459,464,20463,18078,88.3,1895
Bologna,31,52.9,38.0,22950,2527,7208,10882,6301,885,21038,427,720,59.3,461,22,14610,79802,43660,1819,495,166,465,440,17130,14641,85.5,1607
Brescia,32,40.3,38.0,19038,2730,7376,8127,4740,734,17022,321,518,62.0,343,15,11119,63989,35282,1229,393,88,417,391,13481,11010,81.7,1401
Cagliari,33,45.5,38.0,21168,2765,7696,9814,5132,655,19296,366,565,64.8,390,12,13348,74646,40284,1483,534,103,414,444,15653,13303,85.0,1322
Fiorentina,33,47.3,38.0,21658,2400,7032,10274,5858,980,19843,471,728,64.7,501,23,14059,77983,45231,1791,571,189,464,464,16134,13792,85.5,1505
Genoa,34,49.5,38.0,22397,2974,8108,10345,5263,761,20471,360,614,58.6,391,23,14378,73150,38349,1361,401,103,426,434,16818,14405,85.7,1388
Hellas Verona,30,49.8,38.0,21768,2510,6782,10800,5593,841,19888,376,619,60.7,404,25,13363,74299,39533,1612,556,124,427,332,16185,13387,82.7,1564
Inter,29,54.2,38.0,24870,2664,7970,11912,6602,1135,23146,332,523,63.5,359,11,16629,87637,49108,1919,519,179,398,370,19767,17321,87.6,1855
Juventus,30,58.3,38.0,27693,2193,6984,14383,8112,999,25951,441,691,63.8,471,20,18744,91814,49930,2179,705,205,421,380,22476,20306,90.3,1753
Lazio,27,50.5,38.0,23466,2634,7645,10923,6707,1057,21853,397,636,62.4,436,23,16152,95272,55033,2106,726,201,429,372,18184,16035,88.2,1675
Lecce,30,44.6,38.0,21339,2985,8159,9452,5169,824,19548,323,510,63.3,348,19,13322,75582,43178,1598,485,150,381,364,15992,13757,86.0,1399
Milan,32,55.1,38.0,25059,2454,7413,12439,6966,1063,23255,456,706,64.6,480,22,16906,89091,48969,2034,663,208,442,444,19639,17281,88.0,1489
Napoli,25,59.5,38.0,28328,2338,7683,14300,8293,1062,26551,393,631,62.3,417,37,20249,103977,59539,2633,780,195,366,345,23536,21244,90.3,1931
Parma,25,43.6,38.0,20215,2935,7596,9062,4847,833,18342,391,660,59.2,420,32,12220,67616,39007,1406,447,184,491,397,14624,12330,84.3,1408
Roma,31,52.9,38.0,23491,2441,7217,11606,6550,1103,21717,429,696,61.6,463,33,15560,96221,53947,2090,715,227,434,360,18375,16108,87.7,1555
Sampdoria,31,42.4,38.0,20183,2404,6584,9410,5493,776,18350,348,569,61.2,364,24,12231,65361,35997,1415,483,110,386,383,14469,12022,83.1,1461
Sassuolo,31,57.8,38.0,26143,2696,8005,13301,6683,945,24343,512,795,64.4,547,36,18371,96599,55554,2097,668,199,401,461,20838,18697,89.7,1442
SPAL,34,46.8,38.0,21116,2805,7533,9814,5111,708,19257,390,601,64.9,411,21,13430,72182,39023,1551,491,124,400,417,15589,13452,86.3,1358
Torino,27,47.5,38.0,21006,2680,7615,9563,5246,830,19100,497,784,63.4,530,15,13064,73308,40198,1595,520,154,462,464,14984,12628,84.3,1266
Udinese,25,44.7,38.0,21292,2655,7759,9826,5128,800,19568,368,612,60.1,397,18,13504,74667,42083,1532,488,157,421,380,15851,13535,85.4,1363
Atalanta,27,57.8,38.0,26745,2067,7426,12846,8423,1275,24884,492,812,60.6,523,25,19054,103379,55613,2483,835,219,530,507,20896,18178,87.0,1963
Bologna,29,44.7,38.0,20538,2335,7012,9393,5506,820,18580,321,615,52.2,350,20,12688,69761,38945,1520,470,128,441,413,14902,12116,81.3,1506
Cagliari,30,50.0,38.0,23057,2531,7267,11360,5738,773,21147,261,478,54.6,284,11,14594,68773,35003,1363,443,80,461,388,17529,14565,83.1,1625
Chievo,36,43.1,38.0,20785,2471,7540,9844,4617,581,18995,281,449,62.6,293,11,12933,62084,31865,1158,416,58,405,431,15300,12555,82.1,1403
Empoli,29,47.9,38.0,22369,2522,7249,10442,6218,926,20508,367,610,60.2,393,20,15670,82911,47267,1847,566,153,431,387,17241,14685,85.2,1594
Fiorentina,27,50.7,38.0,21846,2284,6842,10875,5638,937,19990,364,641,56.8,403,29,14354,76616,43326,1778,547,163,454,483,15839,13356,84.3,1644
Frosinone,33,41.1,38.0,19686,2533,7431,9048,4402,596,17819,276,510,54.1,305,23,12328,63171,34695,1224,391,78,384,347,14229,11525,81.0,1307
Genoa,31,43.1,38.0,19706,2176,6137,9100,5797,877,17817,363,577,62.9,392,22,12252,65286,35958,1411,517,117,386,386,13999,11178,79.8,1439
Inter,23,59.6,38.0,27443,2274,7584,13810,7807,1135,25587,351,552,63.6,366,15,19533,99283,54007,2226,694,185,437,381,22123,19563,88.4,1900
Juventus,31,56.2,38.0,25889,2153,7122,13090,7438,1045,24208,444,774,57.4,475,20,18767,95840,51995,2268,682,189,414,350,20956,18393,87.8,1680
Lazio,30,50.8,38.0,24008,2250,7089,11424,7168,1103,22343,386,694,55.6,430,18,16380,88946,50449,2069,632,189,385,379,18599,15879,85.4,1870
Milan,23,54.2,38.0,25372,2621,8291,12354,6452,931,23566,425,690,61.6,462,27,18103,91032,50025,1982,601,152,452,421,20070,17532,87.4,1477
Napoli,26,59.4,38.0,28652,2114,7296,14815,8430,1068,26920,418,707,59.1,457,25,21516,103545,59341,2620,806,198,380,351,23865,21121,88.5,2045
Parma,31,37.3,38.0,18143,2944,7395,8038,3863,584,16288,364,656,55.5,396,26,10805,55745,29610,1004,324,93,411,402,12572,9996,79.5,1141
Roma,26,51.7,38.0,23350,2391,7026,11302,6521,1087,21528,470,786,59.8,499,21,15866,79617,42452,1741,591,181,441,378,18068,15367,85.1,1940
Sampdoria,24,55.3,38.0,25381,2672,7652,12710,6590,834,23577,380,614,61.9,400,24,17606,79645,44903,1828,552,112,404,467,20108,17188,85.5,1769
Sassuolo,29,54.0,38.0,24277,2463,7982,11994,5910,778,22404,460,755,60.9,494,32,17150,85861,47763,1828,504,157,470,411,18999,16500,86.8,1504
SPAL,28,50.6,38.0,22156,2658,7881,10440,5490,723,20255,351,570,61.6,375,15,14766,82624,46471,1796,611,128,471,427,16544,14319,86.6,1357
Torino,25,51.4,38.0,21765,2205,6804,10381,6018,906,19863,437,723,60.4,456,20,13837,74187,40506,1650,560,146,472,496,15611,12929,82.8,1487
Udinese,31,42.4,38.0,19810,2442,7124,9468,4507,685,18003,400,637,62.8,423,9,12400,66578,36983,1390,452,137,446,439,13940,11534,82.7,1272
Atalanta,25,55.2,38.0,25771,2066,7492,12493,7535,1202,23989,485,740,65.5,522,16,17534,93137,49108,2095,667,187,553,554,19093,16813,88.1,2034
Benevento,41,47.7,38.0,22160,2698,8463,10498,4844,663,20460,467,747,62.5,515,30,14874,84429,47024,1597,492,133,472,470,16300,14168,86.9,1286
Bologna,30,47.2,38.0,22200,2656,8070,10638,4846,620,20366,400,632,63.3,430,19,14002,71102,37762,1392,418,91,558,461,15944,13639,85.5,1347
Cagliari,29,45.2,38.0,20989,2325,7222,10018,4876,745,19087,283,484,58.5,317,11,12282,58722,30667,1146,348,88,475,393,14590,12167,83.4,1460
Chievo,25,44.3,38.0,21317,2548,7249,10009,5301,695,19519,289,476,60.7,307,7,12956,64259,32815,1201,433,71,414,417,14883,12575,84.5,1542
Crotone,29,40.1,38.0,19532,2466,6946,9134,4539,632,17762,292,502,58.2,318,15,11130,54891,29330,1083,378,80,548,401,12906,10311,79.9,1420
Fiorentina,27,52.6,38.0,24197,2173,7374,12146,6138,928,22481,388,655,59.2,416,21,15866,77591,42668,1647,546,140,481,474,17491,15290,87.4,1850
Genoa,33,46.3,38.0,21766,2297,7053,10466,5668,792,19990,343,535,64.1,377,26,13850,71018,39489,1553,538,102,491,447,15695,13218,84.2,1547
Hellas Verona,32,41.8,38.0,20117,3000,8022,9000,4434,552,18376,426,691,61.6,468,30,12339,66956,35989,1230,431,98,486,463,13890,11493,82.7,1187
Inter,22,56.9,38.0,26783,2330,7788,13556,7207,1048,25126,393,665,59.1,436,26,18563,96054,53678,2109,668,176,422,369,21016,18750,89.2,1778
Juventus,24,57.1,38.0,27527,2134,7990,14457,6798,881,26051,447,696,64.2,484,23,20053,96047,49191,1984,599,156,487,436,22157,20058,90.5,1698
Lazio,24,51.1,38.0,24559,2214,7838,11757,6754,1092,23023,466,751,62.1,501,32,16833,91698,52074,1997,606,196,541,451,18776,16308,86.9,1848
Milan,23,55.9,38.0,25667,2120,7429,12728,7137,974,24086,312,478,65.3,344,14,18087,86967,47691,2024,655,173,455,413,19838,17744,89.4,1600
Napoli,23,63.2,38.0,32977,1901,7143,18407,9349,1092,31365,381,697,54.7,421,30,23717,100170,59295,2675,792,194,450,404,27690,24985,90.2,2270
Roma,27,58.0,38.0,25758,2228,7178,12747,7638,1107,24091,429,715,60.0,475,21,18030,96585,51662,2150,652,202,493,467,19799,17296,87.4,2164
Sampdoria,27,53.4,38.0,24644,2385,6950,13043,6197,845,22818,417,664,62.8,449,18,16024,75770,42856,1692,489,116,493,519,18390,16148,87.8,1830
Sassuolo,28,43.2,38.0,20244,2361,6722,9109,5637,746,18434,332,551,60.3,370,12,12280,64848,34314,1311,433,114,425,480,14016,11497,82.0,1579
SPAL,29,45.1,38.0,20466,2421,7272,9830,4724,606,18598,404,603,67.0,435,16,12893,66856,37702,1348,442,78,437,452,14138,12214,86.4,1263
Torino,27,51.0,38.0,22935,2555,8018,10686,5740,818,21090,447,720,62.1,477,19,14920,79599,41055,1541,495,136,527,538,16626,14425,86.8,1540
Udinese,27,44.7,38.0,21100,2346,7194,10296,4907,690,19285,323,552,58.5,345,13,13063,67758,35789,1425,489,106,428,457,14782,12619,85.4,1487
