Rk,Player,Nation,Pos,Squad,Age,Born,MP,Starts,Min,90s,GA,GA90,SoTA,Saves,Save%,W,D,L,CS,CS%,PKatt,PKA,PKsv,PKm,Save%
1,Alisson,br BRA,GK,Liverpool,29-153,1992,24,24,2160,24.0,18,0.75,64,46,71.9,17,5,2,13,54.2,0,0,0,0
2,Alphonse Areola,fr FRA,GK,West Ham,29-005,1993,1,1,90,1.0,1,1.00,3,2,66.7,0,0,1,0,0.0,0,0,0,0
3,Kepa Arrizabalaga,es ESP,GK,Chelsea,27-152,1994,4,4,360,4.0,2,0.50,13,11,84.6,2,1,1,2,50.0,0,0,0,0
4,Daniel Bachmann,at AUT,GK,Watford,27-238,1994,11,11,990,11.0,26,2.36,61,39,62.3,1,0,10,0,0.0,3,3,0,0,0.0
5,Asmir Begovic,ba BIH,GK,Everton,34-257,1987,1,1,90,1.0,3,3.00,3,1,0.0,0,0,1,0,0.0,0,0,0,0
6,Jack Butland,eng ENG,GK,Crystal Palace,28-359,1993,6,5,495,5.5,9,1.64,16,9,43.8,1,3,1,0,0.0,1,0,1,0,100.0
7,Willy Caballero,ar ARG,GK,Southampton,40-157,1981,2,2,180,2.0,5,2.50,11,6,54.5,0,1,1,0,0.0,0,0,0,0
8,Karl Darlow,eng ENG,GK,Newcastle Utd,31-147,1990,8,8,720,8.0,15,1.87,37,25,64.9,0,5,3,0,0.0,2,2,0,0,0.0
9,Martin Dúbravka,sk SVK,GK,Newcastle Utd,33-048,1989,13,13,1170,13.0,18,1.38,51,34,66.7,5,4,4,4,30.8,1,1,0,0,0.0
10,Ederson,br BRA,GK,Manchester City,28-199,1993,26,26,2340,26.0,17,0.65,61,43,73.8,20,3,3,15,57.7,1,1,0,0,0.0
11,Łukasz Fabiański,pl POL,GK,West Ham,36-320,1985,26,26,2340,26.0,33,1.27,104,69,70.2,13,6,7,7,26.9,3,2,1,0,33.3
12,Álvaro Fernández,es ESP,GK,Brentford,23-325,1998,12,12,1080,12.0,24,2.00,67,46,65.7,3,2,7,1,8.3,1,1,0,0,0.0
13,Fraser Forster,eng ENG,GK,Southampton,33-352,1988,9,9,810,9.0,11,1.22,37,29,75.7,5,3,1,2,22.2,2,2,0,0,0.0
14,Ben Foster,eng ENG,GK,Watford,38-335,1983,15,15,1350,15.0,21,1.40,54,32,61.1,4,4,7,3,20.0,1,0,1,0,100.0
15,David de Gea,es ESP,GK,Manchester Utd,31-117,1990,27,27,2430,27.0,34,1.26,127,94,74.0,13,8,6,7,25.9,4,1,3,0,75.0
16,Vicente Guaita,es ESP,GK,Crystal Palace,35-053,1987,22,22,1935,21.5,29,1.35,85,59,69.4,5,9,8,6,27.3,3,3,0,0,0.0
17,Angus Gunn,eng ENG,GK,Norwich City,26-041,1996,7,7,630,7.0,18,2.57,42,26,61.9,1,1,5,1,14.3,4,2,1,1,33.3
18,Wayne Hennessey,wls WAL,GK,Burnley,35-039,1987,2,2,180,2.0,6,3.00,13,7,53.8,0,0,2,0,0.0,0,0,0,0
19,Caoimhín Kelleher,ie IRL,GK,Liverpool,23-101,1998,2,2,180,2.0,2,1.00,8,5,75.0,1,1,0,1,50.0,0,0,0,0
20,Tim Krul,nl NED,GK,Norwich City,33-335,1988,19,19,1710,19.0,37,1.95,95,61,65.3,3,4,12,3,15.8,5,4,1,0,20.0
21,Bernd Leno,de GER,GK,Arsenal,30-000,1992,3,3,270,3.0,9,3.00,18,8,50.0,0,0,3,0,0.0,0,0,0,0
22,Hugo Lloris,fr FRA,GK,Tottenham,35-068,1986,25,25,2250,25.0,32,1.28,102,73,70.6,13,3,9,9,36.0,2,2,0,0,0.0
23,Jonas Lössl,dk DEN,GK,Brentford,33-031,1989,2,2,180,2.0,5,2.50,7,2,28.6,0,0,2,0,0.0,0,0,0,0
24,Emiliano Martínez,ar ARG,GK,Aston Villa,29-183,1992,24,24,2160,24.0,34,1.42,95,64,67.4,9,3,12,7,29.2,5,3,1,1,25.0
25,Alex McCarthy,eng ENG,GK,Southampton,32-091,1989,15,15,1350,15.0,21,1.40,60,38,65.0,3,7,5,5,33.3,0,0,0,0
26,Edouard Mendy,sn SEN,GK,Chelsea,30-003,1992,21,21,1890,21.0,16,0.76,63,51,81.0,12,7,2,9,42.9,4,4,0,0,0.0
27,Illan Meslier,fr FRA,GK,Leeds United,22-002,2000,26,26,2340,26.0,60,2.31,152,95,63.8,5,8,13,3,11.5,5,5,0,0,0.0
28,Jordan Pickford,eng ENG,GK,Everton,27-362,1994,23,23,2070,23.0,38,1.65,113,78,67.3,6,4,13,4,17.4,1,1,0,0,0.0
29,Nick Pope,eng ENG,GK,Burnley,29-319,1992,23,23,2070,23.0,26,1.13,97,70,73.2,3,12,8,7,30.4,0,0,0,0
30,Aaron Ramsdale,eng ENG,GK,Arsenal,23-294,1998,21,21,1890,21.0,18,0.86,76,57,80.3,14,3,4,11,52.4,3,3,0,0,0.0
31,David Raya,es ESP,GK,Brentford,26-170,1995,13,13,1170,13.0,15,1.15,56,42,75.0,3,4,6,4,30.8,1,1,0,0,0.0
32,José Sá,pt POR,GK,Wolves,29-046,1993,26,26,2340,26.0,21,0.81,104,88,83.7,12,4,10,9,34.6,4,4,0,0,0.0
33,Robert Sánchez,es ESP,GK,Brighton,24-106,1997,25,25,2249,25.0,28,1.12,95,68,72.6,7,12,6,7,28.0,3,2,0,1,0.0
34,Kasper Schmeichel,dk DEN,GK,Leicester City,35-119,1986,24,24,2160,24.0,43,1.79,118,81,67.8,8,6,10,4,16.7,7,5,1,1,16.7
35,Jason Steele,eng ENG,GK,Brighton,31-198,1990,1,1,90,1.0,2,2.00,5,3,60.0,0,0,1,0,0.0,0,0,0,0
36,Jed Steer,eng ENG,GK,Aston Villa,29-162,1992,1,1,90,1.0,3,3.00,4,1,25.0,0,0,1,0,0.0,0,0,0,0
37,Zack Steffen,us USA,GK,Manchester City,26-336,1995,1,1,90,1.0,0,0.00,2,2,100.0,1,0,0,1,100.0,0,0,0,0
38,Freddie Woodman,eng ENG,GK,Newcastle Utd,25-000,1997,4,4,360,4.0,12,3.00,19,9,47.4,0,1,3,0,0.0,3,2,1,0,33.3